0 0 0.0 0.0 -0.246 -0.246 -5.5 -13.6 -29.9 36.7157108 -4.4908487 0.00 0.00 0.00 0.000 09:51:21.62
0 0 0.0 0.0 -0.246 -0.123 -5.5 -13.6 -29.9 36.7157108 -4.4908487 0.00 0.00 0.00 0.000 09:51:21.72
0 0 0.0 0.0 -0.123 -0.492 -5.5 -13.7 -30.0 36.7157108 -4.4908487 0.00 0.00 0.00 0.000 09:51:21.83
0 0 0.0 0.0 -0.123 -0.369 -5.5 -13.7 -30.1 36.7157108 -4.4908487 0.00 0.00 0.00 0.000 09:51:21.92
0 0 0.0 0.0 -0.123 -0.123 -5.5 -13.7 -30.1 36.7157108 -4.4908487 0.00 0.00 0.00 0.000 09:51:22.01
0 0 0.0 0.0 -0.123 -0.738 -5.5 -13.7 -30.2 36.7157108 -4.4908487 0.00 0.00 0.00 0.000 09:51:22.12
0 0 0.0 0.0 -0.246 -0.246 -5.5 -13.7 -30.3 36.7157108 -4.4908487 0.00 0.00 0.00 0.000 09:51:22.22
0 0 0.0 0.0 0.615 -0.246 -5.4 -13.8 -30.3 36.7157108 -4.4908487 0.00 0.00 0.00 0.000 09:51:22.33
0 0 0.0 0.0 0.369 -0.369 -5.4 -13.8 -30.4 36.7157108 -4.4908487 0.00 0.00 0.00 0.000 09:51:22.42
0 0 0.0 0.0 -0.123 -0.369 -5.4 -13.8 -30.5 36.7157108 -4.4908487 0.00 0.00 0.00 0.000 09:51:22.53
0 0 0.0 0.0 -0.492 -0.615 -5.4 -13.8 -30.5 36.7157108 -4.4908487 0.00 0.00 0.00 0.000 09:51:22.62
0 0 0.0 0.0 -0.492 -0.738 -5.4 -13.8 -30.6 36.7157108 -4.4908487 0.00 0.00 0.00 0.000 09:51:22.72
0 0 0.0 0.0 0.246 -0.369 -5.4 -13.9 -30.6 36.7157108 -4.4908487 0.00 0.00 0.00 0.000 09:51:22.83
0 0 0.0 0.0 -0.246 -0.615 -5.4 -13.9 -30.7 36.7157108 -4.4908487 0.00 0.00 0.00 0.000 09:51:22.92
0 0 0.0 0.0 -0.123 -0.615 -5.4 -13.9 -30.8 36.7157108 -4.4908487 0.00 0.00 0.00 0.000 09:51:23.03
0 0 0.0 0.0 -0.246 -0.615 -5.4 -13.9 -30.8 36.7157108 -4.4908487 0.00 0.00 0.00 0.000 09:51:23.12
0 0 0.0 0.0 0.369 -0.123 -5.4 -13.9 -30.9 36.7157108 -4.4908487 0.00 0.00 0.00 0.000 09:51:23.23
0 0 0.0 0.0 -0.123 0.123 -5.4 -14.0 -30.9 36.7157108 -4.4908487 0.00 0.00 0.00 0.000 09:51:23.33
0 0 0.0 0.0 0.246 0.369 -5.4 -14.0 -31.0 36.7157108 -4.4908487 0.00 0.00 0.00 0.000 09:51:23.42
0 0 0.0 0.0 -0.369 -0.369 -5.4 -14.0 -31.0 36.7157108 -4.4908487 0.00 0.00 0.00 0.000 09:51:23.53
0 0 0.0 0.0 0.369 -0.246 -5.4 -14.1 -31.1 36.7157108 -4.4908487 0.00 0.00 0.00 0.000 09:51:23.62
0 0 0.0 0.0 0.615 -0.123 -5.4 -14.1 -31.1 36.7157108 -4.4908487 0.00 0.00 0.00 0.000 09:51:23.73
0 0 0.0 0.0 0.369 0.246 -5.4 -14.1 -31.2 36.7157108 -4.4908487 0.00 0.00 0.00 0.000 09:51:23.83
0 0 0.0 0.0 -0.123 0.246 -5.3 -14.1 -31.3 36.7157108 -4.4908487 0.00 0.00 0.00 0.000 09:51:23.92
0 0 0.0 0.0 0.000 0.000 -5.3 -14.1 -31.3 36.7157108 -4.4908487 0.00 0.00 0.00 0.000 09:51:24.03
0 -1 0.0 0.0 0.246 -0.369 -5.3 -14.1 -31.4 36.7157108 -4.4908487 0.00 0.00 0.00 0.000 09:51:24.12
0 -1 0.0 0.0 0.000 -0.369 -5.3 -14.2 -31.4 36.7157108 -4.4908487 0.00 0.00 0.00 0.000 09:51:24.23
0 -3 0.0 0.0 -2.460 -1.230 -5.3 -14.2 -31.6 36.7157108 -4.4908487 0.00 0.00 0.00 0.000 09:51:24.33
0 -5 0.0 0.0 -2.583 -1.968 -5.2 -14.2 -31.7 36.7157108 -4.4908487 0.00 0.00 0.00 0.000 09:51:24.42
0 -5 0.0 0.0 -3.444 -0.738 -5.2 -14.2 -31.8 36.7157108 -4.4908487 0.00 0.00 0.00 0.000 09:51:24.53
0 -9 0.0 0.0 -3.567 -3.936 -5.2 -14.3 -32.1 36.7157108 -4.4908487 0.00 0.00 0.00 0.000 09:51:24.62
0 -10 0.0 0.0 -6.273 -6.273 -5.1 -14.3 -32.4 36.7157108 -4.4908487 0.00 0.00 0.00 0.000 09:51:24.73
0 -10 0.0 0.0 -7.257 -6.027 -4.9 -14.3 -33.0 36.7157108 -4.4908487 0.00 0.00 0.00 0.000 09:51:24.83
0 -10 0.0 0.0 -7.257 -6.273 -4.8 -14.4 -33.6 36.7157108 -4.4908487 0.00 0.00 0.00 0.000 09:51:24.94
0 -11 0.0 0.0 -8.610 -9.348 -4.7 -14.4 -34.1 36.7157108 -4.4908487 0.00 0.00 0.00 0.000 09:51:25.03
0 -11 0.0 0.0 -9.594 -7.995 -4.6 -14.5 -34.6 36.7157108 -4.4908487 0.00 0.00 0.00 0.000 09:51:25.14
0 -11 0.0 0.0 -8.118 -7.749 -4.5 -14.5 -35.2 36.7157108 -4.4908487 0.00 0.00 0.00 0.000 09:51:25.23
0 -11 0.0 0.0 -6.396 -8.733 -4.4 -14.5 -35.8 36.7157108 -4.4908487 0.00 0.00 0.00 0.000 09:51:25.33
0 -11 0.0 0.0 -8.610 -7.872 -4.2 -14.6 -36.5 36.7157108 -4.4908487 0.00 0.00 0.00 0.000 09:51:25.44
0 -11 0.0 0.0 -8.118 -9.225 -4.1 -14.6 -37.1 36.7157108 -4.4908487 0.00 0.00 0.00 0.000 09:51:25.53
0 -11 0.0 0.0 -8.733 -7.749 -3.9 -14.7 -37.7 36.7157108 -4.4908487 0.00 0.00 0.00 0.000 09:51:25.64
0 -11 0.0 0.0 -7.257 -7.995 -3.8 -14.8 -38.3 36.7157108 -4.4908487 0.00 0.00 0.00 0.000 09:51:25.73
0 -11 0.0 0.0 -5.904 -7.749 -3.6 -14.9 -39.0 36.7157108 -4.4908487 0.00 0.00 0.00 0.000 09:51:25.83
0 -11 0.0 0.0 -7.380 -6.888 -3.4 -14.9 -39.6 36.7157108 -4.4908487 0.00 0.00 0.00 0.000 09:51:25.94
0 -11 0.0 0.0 -6.765 -7.503 -3.3 -14.9 -40.2 36.7157108 -4.4908487 0.00 0.00 0.00 0.000 09:51:26.03
0 -11 0.0 0.0 -7.995 -8.241 -3.1 -15.0 -40.8 36.7157108 -4.4908487 0.00 0.00 0.00 0.000 09:51:26.14
0 -11 -2.3 2.3 -6.150 -8.241 -3.0 -15.0 -41.4 36.7157108 -4.4908487 0.00 0.00 0.00 0.000 09:51:26.23
0 -11 -2.3 2.3 -10.824 -7.257 -2.9 -15.0 -42.0 36.7157108 -4.4908487 0.00 0.00 0.00 0.000 09:51:26.33
0 -11 -2.3 2.3 -6.642 -9.840 -2.8 -15.0 -42.6 36.7157108 -4.4908487 0.00 0.00 0.00 0.000 09:51:26.44
0 -11 -2.3 2.3 -8.364 -7.380 -2.7 -15.0 -43.1 36.7157108 -4.4908487 0.00 0.00 0.00 0.000 09:51:26.53
0 -11 -2.3 2.3 -9.963 -9.840 -2.5 -15.1 -43.7 36.7157108 -4.4908487 0.00 0.00 0.00 0.000 09:51:26.64
0 -11 -2.3 2.3 -10.332 -7.995 -2.4 -15.1 -44.3 36.7157108 -4.4908487 0.00 0.00 0.00 0.000 09:51:26.73
0 -11 -2.3 2.3 -10.209 -7.872 -2.3 -15.1 -44.9 36.7157108 -4.4908487 0.00 0.00 0.00 0.000 09:51:26.83
0 -11 -2.3 2.3 -7.257 -7.380 -2.1 -15.2 -45.5 36.7157108 -4.4908487 0.00 0.00 0.00 0.000 09:51:26.94
0 -11 -2.3 2.3 -8.610 -7.503 -2.0 -15.2 -46.1 36.7157108 -4.4908487 0.00 0.00 0.00 0.000 09:51:27.03
0 -11 -2.3 2.3 -8.487 -7.257 -1.8 -15.2 -46.6 36.7157108 -4.4908487 0.00 0.00 0.00 0.000 09:51:27.14
0 -11 -2.3 2.3 -9.840 -8.487 -1.7 -15.3 -47.2 36.7157108 -4.4908487 0.00 0.00 0.00 0.000 09:51:27.23
0 -11 -2.3 2.3 -9.471 -9.840 -1.6 -15.3 -47.7 36.7157108 -4.4908487 0.00 0.00 0.00 0.000 09:51:27.34
0 -11 -2.3 2.3 -9.963 -7.872 -1.5 -15.3 -48.3 36.7157108 -4.4908487 0.00 0.00 0.00 0.000 09:51:27.44
0 -11 -2.3 2.3 -8.364 -7.011 -1.4 -15.3 -48.8 36.7157108 -4.4908487 0.00 0.00 0.00 0.000 09:51:27.53
0 -11 -2.3 2.3 -8.118 -8.610 -1.3 -15.3 -49.3 36.7157108 -4.4908487 0.00 0.00 0.00 0.000 09:51:27.64
0 -11 -2.3 2.3 -8.979 -7.749 -1.2 -15.3 -49.9 36.7157108 -4.4908487 0.00 0.00 0.00 0.000 09:51:27.73
0 -11 -2.3 2.3 -8.979 -9.594 -1.1 -15.4 -50.4 36.7157108 -4.4908487 0.00 0.00 0.00 0.000 09:51:27.84
0 -11 -2.3 2.3 -10.455 -8.241 -1.0 -15.4 -50.9 36.7157108 -4.4908487 0.00 0.00 0.00 0.000 09:51:27.94
0 -11 -2.3 2.3 -8.856 -6.765 -0.8 -15.4 -51.5 36.7157108 -4.4908487 0.00 0.00 0.00 0.000 09:51:28.03
0 -11 -2.3 2.3 -9.717 -7.872 -0.7 -15.4 -51.9 36.7157108 -4.4908487 0.00 0.00 0.00 0.000 09:51:28.14
0 -11 -2.3 2.3 -7.380 -7.134 -0.6 -15.4 -52.4 36.7157108 -4.4908487 0.00 0.00 0.00 0.000 09:51:28.23
0 -11 -2.3 2.3 -7.872 -8.118 -0.4 -15.5 -53.0 36.7157108 -4.4908487 0.00 0.00 0.00 0.000 09:51:28.34
0 -11 -2.3 2.3 -11.931 -5.781 -0.3 -15.4 -53.4 36.7157108 -4.4908487 0.00 0.00 0.00 0.000 09:51:28.44
0 -11 -2.3 2.3 -11.808 -9.471 -0.3 -15.4 -53.9 36.7157108 -4.4908487 0.00 0.00 0.00 0.000 09:51:28.54
0 -11 -2.3 2.3 -13.530 -8.118 -0.2 -15.4 -54.4 36.7157108 -4.4908487 0.00 0.00 0.00 0.000 09:51:28.64
0 -12 -2.3 2.3 -10.701 -8.241 -0.1 -15.4 -54.9 36.7157108 -4.4908487 0.00 0.00 0.00 0.000 09:51:28.73
0 -12 -2.3 2.3 -10.332 -7.011 0.0 -15.4 -55.4 36.7157108 -4.4908487 0.00 0.00 0.00 0.000 09:51:28.84
0 -12 -2.3 2.3 -10.824 -8.364 0.2 -15.4 -55.9 36.7157108 -4.4908487 0.00 0.00 0.00 0.000 09:51:28.94
0 -12 -2.3 2.3 -8.487 -8.610 0.3 -15.5 -56.4 36.7157108 -4.4908487 0.00 0.00 0.00 0.000 09:51:29.04
0 -12 -2.3 2.3 -14.637 -8.241 0.4 -15.5 -57.0 36.7157108 -4.4908487 0.00 0.00 0.00 0.000 09:51:29.14
0 -12 -2.3 2.3 -13.776 -8.856 0.6 -15.5 -57.5 36.7157108 -4.4908487 0.00 0.00 0.00 0.000 09:51:29.25
0 -13 -2.3 2.3 -11.685 -7.626 0.7 -15.4 -58.1 36.7157108 -4.4908487 0.00 0.00 0.00 0.000 09:51:29.34
0 -13 -2.3 2.3 -9.594 -8.118 0.8 -15.4 -58.6 36.7157108 -4.4908487 0.00 0.00 0.00 0.000 09:51:29.44
0 -14 -2.3 2.3 -9.717 -7.995 0.9 -15.4 -59.1 36.7157108 -4.4908487 0.00 0.00 0.00 0.000 09:51:29.54
0 -14 -2.3 2.3 -12.423 -6.888 1.0 -15.3 -59.7 36.7157108 -4.4908487 0.00 0.00 0.00 0.000 09:51:29.64
0 -14 -2.3 2.3 -11.931 -10.332 1.1 -15.3 -60.3 36.7157108 -4.4908487 0.00 0.00 0.00 0.000 09:51:29.75
0 -14 -2.3 2.3 -13.653 -8.364 1.3 -15.4 -60.9 36.7157108 -4.4908487 0.00 0.00 0.00 0.000 09:51:29.84
0 -14 -2.3 2.3 -12.054 -7.995 1.4 -15.3 -61.6 36.7157108 -4.4908487 0.00 0.00 0.00 0.000 09:51:29.94
0 -14 -2.3 2.3 -11.931 -6.150 1.6 -15.3 -62.2 36.7157108 -4.4908487 0.00 0.00 0.00 0.000 09:51:30.04
0 -14 -2.3 2.3 -12.546 -7.872 1.7 -15.3 -62.8 36.7157108 -4.4908487 0.00 0.00 0.00 0.000 09:51:30.14
0 -14 -2.3 2.3 -10.947 -9.840 1.9 -15.2 -63.4 36.7157108 -4.4908487 0.00 0.00 0.00 0.000 09:51:30.25
0 -14 -2.3 2.3 -12.177 -6.642 2.0 -15.2 -64.0 36.7157108 -4.4908487 0.00 0.00 0.00 0.000 09:51:30.34
0 -14 -2.3 2.3 -9.594 -9.348 2.1 -15.1 -64.6 36.7157108 -4.4908487 0.00 0.00 0.00 0.000 09:51:30.45
0 -13 -2.3 2.3 -11.808 -8.610 2.2 -15.0 -65.2 36.7157108 -4.4908487 0.00 0.00 0.00 0.000 09:51:30.54
0 -13 -2.3 2.3 -12.300 -8.364 2.4 -15.0 -65.9 36.7157108 -4.4908487 0.00 0.00 0.00 0.000 09:51:30.64
0 -13 -2.3 2.3 -10.824 -5.658 2.5 -15.0 -66.4 36.7157108 -4.4908487 0.00 0.00 0.00 0.000 09:51:30.75
0 -13 -2.3 2.3 -10.578 -7.503 2.6 -15.0 -66.9 36.7157108 -4.4908487 0.00 0.00 0.00 0.000 09:51:30.84
0 -13 -2.3 2.3 -13.653 -8.364 2.8 -14.9 -67.3 36.7157108 -4.4908487 0.00 0.00 0.00 0.000 09:51:30.95
0 -13 -2.3 2.3 -9.225 -7.995 2.9 -14.8 -67.8 36.7157108 -4.4908487 0.00 0.00 0.00 0.000 09:51:31.04
0 -13 -2.3 2.3 -13.530 -8.487 2.9 -14.8 -68.2 36.7157108 -4.4908487 0.00 0.00 0.00 0.000 09:51:31.14
0 -13 -3.1 2.7 -13.407 -8.856 3.0 -14.7 -68.6 36.7157108 -4.4908487 0.00 0.00 0.00 0.000 09:51:31.25
0 -13 -3.1 2.7 -11.316 -6.150 3.0 -14.7 -69.1 36.7157108 -4.4908487 0.00 0.00 0.00 0.000 09:51:31.34
0 -13 -3.1 2.7 -13.161 -7.872 3.1 -14.6 -69.6 36.7157108 -4.4908487 0.00 0.00 0.00 0.000 09:51:31.45
0 -13 -3.1 2.7 -12.915 -7.626 3.2 -14.6 -70.0 36.7157108 -4.4908487 0.00 0.00 0.00 0.000 09:51:31.54
0 -13 -3.1 2.7 -11.808 -5.658 3.3 -14.6 -70.5 36.7157108 -4.4908487 0.00 0.00 0.00 0.000 09:51:31.65
0 -13 -3.1 2.7 -11.562 -7.995 3.4 -14.6 -70.9 36.7157108 -4.4908487 0.00 0.00 0.00 0.000 09:51:31.75
0 -13 -3.1 2.7 -12.054 -7.626 3.5 -14.6 -71.3 36.7157108 -4.4908487 0.00 0.00 0.00 0.000 09:51:31.84
0 -13 -3.1 2.7 -10.947 -7.749 3.6 -14.5 -71.7 36.7157108 -4.4908487 0.00 0.00 0.00 0.000 09:51:31.95
0 -13 -3.1 2.7 -12.177 -7.503 3.7 -14.4 -72.1 36.7157108 -4.4908487 0.00 0.00 0.00 0.000 09:51:32.04
0 -13 -3.1 2.7 -12.546 -7.134 3.8 -14.4 -72.5 36.7157108 -4.4908487 0.00 0.00 0.00 0.000 09:51:32.15
0 -13 -3.1 2.7 -9.840 -8.118 3.8 -14.3 -72.9 36.7157108 -4.4908487 0.00 0.00 0.00 0.000 09:51:32.25
0 -13 -3.1 2.7 -10.578 -7.380 3.9 -14.3 -73.3 36.7157108 -4.4908487 0.00 0.00 0.00 0.000 09:51:32.36
0 -13 -3.1 2.7 -11.808 -6.150 4.0 -14.2 -73.7 36.7157108 -4.4908487 0.00 0.00 0.00 0.000 09:51:32.45
0 -13 -3.1 2.7 -11.316 -8.979 4.1 -14.2 -74.1 36.7157108 -4.4908487 0.00 0.00 0.00 0.000 09:51:32.54
0 -13 -3.1 2.7 -11.931 -7.011 4.1 -14.2 -74.4 36.7157108 -4.4908487 0.00 0.00 0.00 0.000 09:51:32.65
0 -13 -3.1 2.7 -13.284 -9.840 4.2 -14.2 -74.8 36.7157108 -4.4908487 0.00 0.00 0.00 0.000 09:51:32.75
0 -13 -3.1 2.7 -12.300 -6.396 4.3 -14.2 -75.2 36.7157108 -4.4908487 0.00 0.00 0.00 0.000 09:51:32.86
0 -13 -3.1 2.7 -10.578 -7.749 4.4 -14.1 -75.6 36.7157108 -4.4908487 0.00 0.00 0.00 0.000 09:51:32.95
0 -13 -3.1 2.7 -12.300 -11.070 4.5 -14.0 -75.9 36.7157108 -4.4908487 0.00 0.00 0.00 0.000 09:51:33.04
0 -13 -3.1 2.7 -11.808 -8.241 4.5 -14.0 -76.2 36.7157108 -4.4908487 0.00 0.00 0.00 0.000 09:51:33.15
0 -13 -3.1 2.7 -12.546 -9.717 4.6 -13.9 -76.6 36.7157108 -4.4908487 0.00 0.00 0.00 0.000 09:51:33.25
0 -13 -3.1 2.7 -12.546 -8.610 4.7 -13.9 -76.9 36.7157108 -4.4908487 0.00 0.00 0.00 0.000 09:51:33.36
0 -13 -3.1 2.7 -11.070 -7.872 4.8 -13.8 -77.3 36.7157108 -4.4908487 0.00 0.00 0.00 0.000 09:51:33.45
0 -13 -3.1 2.7 -8.241 -8.733 4.8 -13.8 -77.6 36.7157108 -4.4908487 0.00 0.00 0.00 0.000 09:51:33.54
0 -13 -3.1 2.7 -9.963 -8.979 4.9 -13.8 -77.9 36.7157108 -4.4908487 0.00 0.00 0.00 0.000 09:51:33.65
0 -13 -3.1 2.7 -9.840 -9.471 5.0 -13.7 -78.2 36.7157108 -4.4908487 0.00 0.00 0.00 0.000 09:51:33.75
0 -13 -3.1 2.7 -11.070 -7.995 5.1 -13.7 -78.6 36.7157108 -4.4908487 0.00 0.00 0.00 0.000 09:51:33.86
0 -13 -3.1 2.7 -10.578 -9.840 5.2 -13.6 -78.9 36.7157108 -4.4908487 0.00 0.00 0.00 0.000 09:51:33.95
0 -13 -3.1 2.7 -12.177 -7.872 5.2 -13.5 -79.1 36.7157108 -4.4908487 0.00 0.00 0.00 0.000 09:51:34.04
0 -13 -3.1 2.7 -10.332 -8.241 5.3 -13.5 -79.4 36.7157108 -4.4908487 0.00 0.00 0.00 0.000 09:51:34.15
0 -13 -3.1 2.7 -11.808 -8.733 5.3 -13.4 -79.7 36.7157108 -4.4908487 0.00 0.00 0.00 0.000 09:51:34.25
0 -13 -3.1 2.7 -11.439 -8.241 5.4 -13.4 -80.0 36.7157108 -4.4908487 0.00 0.00 0.00 0.000 09:51:34.36
0 -13 -3.1 2.7 -8.979 -8.118 5.5 -13.3 -80.4 36.7157108 -4.4908487 0.00 0.00 0.00 0.000 09:51:34.45
0 -13 -3.1 2.7 -13.161 -8.364 5.5 -13.3 -80.6 36.7157108 -4.4908487 0.00 0.00 0.00 0.000 09:51:34.56
0 -13 -3.1 2.7 -10.824 -8.364 5.6 -13.3 -80.9 36.7157108 -4.4908487 0.00 0.00 0.00 0.000 09:51:34.65
0 -13 -3.1 2.7 -9.840 -8.241 5.7 -13.2 -81.2 36.7157108 -4.4908487 0.00 0.00 0.00 0.000 09:51:34.75
0 -13 -3.1 2.7 -11.562 -9.717 5.8 -13.1 -81.4 36.7157108 -4.4908487 0.00 0.00 0.00 0.000 09:51:34.86
0 -13 -3.1 2.7 -11.439 -8.733 5.8 -13.1 -81.7 36.7157108 -4.4908487 0.00 0.00 0.00 0.000 09:51:34.95
0 -13 -3.1 2.7 -11.316 -8.733 5.8 -13.0 -81.9 36.7157108 -4.4908487 0.00 0.00 0.00 0.000 09:51:35.06
0 -13 -3.1 2.7 -9.225 -8.856 5.9 -12.9 -82.1 36.7157108 -4.4908487 0.00 0.00 0.00 0.000 09:51:35.15
0 -13 -3.1 2.7 -11.439 -8.241 5.9 -12.9 -82.3 36.7157108 -4.4908487 0.00 0.00 0.00 0.000 09:51:35.25
0 -13 -3.1 2.7 -10.824 -9.102 6.0 -12.9 -82.5 36.7157108 -4.4908487 0.00 0.00 0.00 0.000 09:51:35.36
0 -13 -3.1 2.7 -11.562 -7.626 6.0 -12.8 -82.7 36.7157108 -4.4908487 0.00 0.00 0.00 0.000 09:51:35.45
0 -13 -3.1 2.7 -10.947 -7.257 6.1 -12.8 -82.9 36.7157108 -4.4908487 0.00 0.00 0.00 0.000 09:51:35.56
0 -13 -3.1 2.7 -11.439 -8.733 6.2 -12.8 -83.1 36.7157108 -4.4908487 0.00 0.00 0.00 0.000 09:51:35.65
0 -13 -3.1 2.7 -10.332 -8.979 6.2 -12.7 -83.3 36.7157108 -4.4908487 0.00 0.00 0.00 0.000 09:51:35.76
0 -13 -3.1 2.7 -9.348 -7.995 6.3 -12.6 -83.5 36.7157108 -4.4908487 0.00 0.00 0.00 0.000 09:51:35.86
0 -13 -3.1 2.7 -9.717 -7.503 6.3 -12.6 -83.7 36.7157108 -4.4908487 0.00 0.00 0.00 0.000 09:51:35.95
0 -13 -3.1 2.7 -9.594 -8.733 6.3 -12.5 -83.8 36.7157108 -4.4908487 0.00 0.00 0.00 0.000 09:51:36.06
0 -13 -3.1 2.7 -11.562 -7.626 6.3 -12.4 -84.0 36.7157108 -4.4908487 0.00 0.00 0.00 0.000 09:51:36.15
0 -13 -2.7 2.7 -9.225 -7.503 6.4 -12.4 -84.1 36.7157108 -4.4908487 0.00 0.00 0.00 0.000 09:51:36.26
0 -13 -2.7 2.7 -8.118 -8.364 6.4 -12.4 -84.3 36.7157108 -4.4908487 0.00 0.00 0.00 0.000 09:51:36.36
0 -13 -2.7 2.7 -9.102 -7.503 6.4 -12.3 -84.4 36.7157108 -4.4908487 0.00 0.00 0.00 0.000 09:51:36.45
0 -13 -2.7 2.7 -10.701 -7.749 6.5 -12.3 -84.6 36.7157108 -4.4908487 0.00 0.00 0.00 0.000 09:51:36.56
0 -13 -2.7 2.7 -11.439 -7.011 6.5 -12.3 -84.7 36.7157108 -4.4908487 0.00 0.00 0.00 0.000 09:51:36.65
0 -13 -2.7 2.7 -11.193 -8.610 6.5 -12.2 -84.8 36.7157108 -4.4908487 0.00 0.00 0.00 0.000 09:51:36.76
0 -13 -2.7 2.7 -8.856 -6.765 6.5 -12.2 -84.8 36.7157108 -4.4908487 0.00 0.00 0.00 0.000 09:51:36.86
0 -13 -2.7 2.7 -7.749 -7.134 6.5 -12.1 -85.0 36.7157108 -4.4908487 0.00 0.00 0.00 0.000 09:51:36.95
0 -13 -2.7 2.7 -9.225 -9.471 6.5 -12.1 -85.0 36.7157108 -4.4908487 0.00 0.00 0.00 0.000 09:51:37.06
0 -13 -2.7 2.7 -9.348 -9.840 6.6 -12.0 -85.1 36.7157108 -4.4908487 0.00 0.00 0.00 0.000 09:51:37.15
0 -13 -2.7 2.7 -9.963 -8.979 6.6 -12.0 -85.3 36.7157108 -4.4908487 0.00 0.00 0.00 0.000 09:51:37.26
0 -13 -2.7 2.7 -7.749 -6.396 6.6 -12.0 -85.4 36.7157108 -4.4908487 0.00 0.00 0.00 0.000 09:51:37.36
0 -13 -2.7 2.7 -8.487 -8.364 6.7 -11.9 -85.5 36.7157108 -4.4908487 0.00 0.00 0.00 0.000 09:51:37.47
0 -13 -2.7 2.7 -7.503 -6.888 6.7 -11.9 -85.6 36.7157108 -4.4908487 0.00 0.00 0.00 0.000 09:51:37.56
0 -13 -2.7 2.7 -6.273 -7.995 6.8 -11.8 -85.6 36.7157108 -4.4908487 0.00 0.00 0.00 0.000 09:51:37.67
0 -13 -2.7 2.7 -7.011 -7.011 6.7 -11.8 -85.7 36.7157108 -4.4908487 0.00 0.00 0.00 0.000 09:51:37.76
0 -13 -2.7 2.7 -6.396 -9.102 6.7 -11.7 -85.7 36.7157108 -4.4908487 0.00 0.00 0.00 0.000 09:51:37.86
0 -13 -2.7 2.7 -7.995 -8.241 6.8 -11.7 -85.8 36.7157108 -4.4908487 0.00 0.00 0.00 0.000 09:51:37.97
0 -13 -2.7 2.7 -8.364 -7.872 6.8 -11.6 -85.8 36.7157108 -4.4908487 0.00 0.00 0.00 0.000 09:51:38.06
0 -13 -2.7 2.7 -6.027 -7.257 6.8 -11.6 -85.9 36.7157108 -4.4908487 0.00 0.00 0.00 0.000 09:51:38.17
0 -13 -2.7 2.7 -8.487 -8.733 6.9 -11.6 -85.9 36.7157108 -4.4908487 0.00 0.00 0.00 0.000 09:51:38.26
0 -13 -2.7 2.7 -7.257 -9.225 6.9 -11.5 -85.9 36.7157108 -4.4908487 0.00 0.00 0.00 0.000 09:51:38.37
0 -13 -2.7 2.7 -8.733 -9.594 6.9 -11.5 -85.9 36.7157108 -4.4908487 0.00 0.00 0.00 0.000 09:51:38.47
0 -13 -2.7 2.7 -8.979 -10.578 6.9 -11.5 -85.9 36.7157108 -4.4908487 0.00 0.00 0.00 0.000 09:51:38.58
0 -13 -2.7 2.7 -8.733 -6.642 7.0 -11.4 -85.9 36.7157108 -4.4908487 0.00 0.00 0.00 0.000 09:51:38.67
0 -13 -2.7 2.7 -6.273 -7.257 7.0 -11.4 -86.0 36.7157108 -4.4908487 0.00 0.00 0.00 0.000 09:51:38.78
0 -13 -2.7 2.7 -5.904 -7.872 7.0 -11.3 -86.0 36.7157108 -4.4908487 0.00 0.00 0.00 0.000 09:51:38.87
0 -13 -2.7 2.7 -10.947 -7.134 7.0 -11.3 -86.0 36.7157108 -4.4908487 0.00 0.00 0.00 0.000 09:51:38.97
0 -13 -2.7 2.7 -9.225 -8.856 7.0 -11.2 -86.0 36.7157108 -4.4908487 0.00 0.00 0.00 0.000 09:51:39.08
0 -13 -2.7 2.7 -10.086 -6.273 7.0 -11.2 -86.0 36.7157108 -4.4908487 0.00 0.00 0.00 0.000 09:51:39.17
0 -13 -2.7 2.7 -7.995 -7.872 7.0 -11.2 -86.0 36.7157108 -4.4908487 0.00 0.00 0.00 0.000 09:51:39.28
0 -13 -2.7 2.7 -7.749 -6.519 7.0 -11.1 -86.0 36.7157108 -4.4908487 0.00 0.00 0.00 0.000 09:51:39.37
0 -13 -2.7 2.7 -8.118 -7.503 7.0 -11.1 -86.0 36.7157108 -4.4908487 0.00 0.00 0.00 0.000 09:51:39.48
0 -13 -2.7 2.7 -6.396 -9.471 7.0 -11.1 -86.0 36.7157108 -4.4908487 0.00 0.00 0.00 0.000 09:51:39.58
0 -13 -2.7 2.7 -7.134 -7.257 7.0 -11.0 -85.9 36.7157108 -4.4908487 0.00 0.00 0.00 0.000 09:51:39.69
0 -13 -2.7 2.7 -7.749 -7.995 7.0 -11.0 -85.9 36.7157108 -4.4908487 0.00 0.00 0.00 0.000 09:51:39.78
0 -13 -2.7 2.7 -11.193 -8.241 7.0 -10.9 -85.8 36.7157108 -4.4908487 0.00 0.00 0.00 0.000 09:51:39.87
0 -13 -2.7 2.7 -9.225 -8.733 6.9 -10.9 -85.8 36.7157108 -4.4908487 0.00 0.00 0.00 0.000 09:51:39.98
0 -13 -2.7 2.7 -7.626 -7.626 6.9 -10.9 -85.7 36.7157108 -4.4908487 0.00 0.00 0.00 0.000 09:51:40.08
0 -13 -2.7 2.7 -8.364 -7.503 6.9 -10.9 -85.6 36.7157108 -4.4908487 0.00 0.00 0.00 0.000 09:51:40.19
0 -13 -2.7 2.7 -7.749 -8.364 6.9 -10.8 -85.6 36.7157108 -4.4908487 0.00 0.00 0.00 0.000 09:51:40.28
0 -13 -2.7 2.7 -8.241 -8.118 7.0 -10.8 -85.6 36.7157108 -4.4908487 0.00 0.00 0.00 0.000 09:51:40.39
0 -13 -2.7 2.7 -7.011 -10.209 7.0 -10.8 -85.5 36.7157108 -4.4908487 0.00 0.00 0.00 0.000 09:51:40.48
0 -13 -2.7 2.7 -6.519 -8.118 7.0 -10.7 -85.4 36.7157108 -4.4908487 0.00 0.00 0.00 0.000 09:51:40.58
0 -13 -2.7 2.7 -6.642 -7.503 7.0 -10.7 -85.3 36.7157108 -4.4908487 0.00 0.00 0.00 0.000 09:51:40.69
0 -13 -2.7 2.7 -7.011 -7.134 7.0 -10.7 -85.3 36.7157108 -4.4908487 0.00 0.00 0.00 0.000 09:51:40.78
0 -13 -2.7 2.7 -8.487 -7.749 7.0 -10.7 -85.2 36.7157108 -4.4908487 0.00 0.00 0.00 0.000 09:51:40.89
0 -13 -2.7 2.7 -9.348 -9.840 7.0 -10.7 -85.1 36.7157108 -4.4908487 0.00 0.00 0.00 0.000 09:51:40.98
0 -13 -2.7 2.7 -8.610 -7.872 7.1 -10.6 -85.0 36.7157108 -4.4908487 0.00 0.00 0.00 0.000 09:51:41.08
0 -13 -2.7 2.7 -5.658 -7.503 7.1 -10.6 -84.9 36.7157108 -4.4908487 0.00 0.00 0.00 0.000 09:51:41.19
0 -13 -2.7 3.1 -6.888 -7.995 7.1 -10.6 -84.8 36.7157108 -4.4908487 0.00 0.00 0.00 0.000 09:51:41.28
0 -13 -2.7 3.1 -8.364 -6.396 7.1 -10.6 -84.7 36.7157108 -4.4908487 0.00 0.00 0.00 0.000 09:51:41.39
0 -13 -2.7 3.1 -9.225 -10.701 7.1 -10.5 -84.5 36.7157108 -4.4908487 0.00 0.00 0.00 0.000 09:51:41.48
0 -13 -2.7 3.1 -6.888 -8.364 7.0 -10.5 -84.4 36.7157108 -4.4908487 0.00 0.00 0.00 0.000 09:51:41.58
0 -13 -2.7 3.1 -7.872 -9.225 7.0 -10.5 -84.3 36.7157108 -4.4908487 0.00 0.00 0.00 0.000 09:51:41.69
0 -13 -2.7 3.1 -7.995 -7.380 7.0 -10.5 -84.2 36.7157108 -4.4908487 0.00 0.00 0.00 0.000 09:51:41.78
0 -13 -2.7 3.1 -10.701 -7.257 7.0 -10.4 -84.1 36.7157108 -4.4908487 0.00 0.00 0.00 0.000 09:51:41.89
0 -13 -2.7 3.1 -8.610 -7.257 7.0 -10.4 -84.0 36.7157108 -4.4908487 0.00 0.00 0.00 0.000 09:51:41.98
0 -13 -2.7 3.1 -9.840 -6.642 7.0 -10.4 -83.9 36.7157108 -4.4908487 0.00 0.00 0.00 0.000 09:51:42.09
0 -13 -2.7 3.1 -7.503 -9.348 7.0 -10.4 -83.8 36.7157108 -4.4908487 0.00 0.00 0.00 0.000 09:51:42.19
0 -13 -2.7 3.1 -9.471 -8.118 7.0 -10.4 -83.7 36.7157108 -4.4908487 0.00 0.00 0.00 0.000 09:51:42.28
0 -13 -2.7 3.1 -7.872 -9.348 7.0 -10.3 -83.6 36.7157108 -4.4908487 0.00 0.00 0.00 0.000 09:51:42.39
0 -13 -2.7 3.1 -9.348 -8.487 7.0 -10.3 -83.5 36.7157108 -4.4908487 0.00 0.00 0.00 0.000 09:51:42.48
0 -13 -2.7 3.1 -7.872 -7.872 6.9 -10.3 -83.4 36.7157108 -4.4908487 0.00 0.00 0.00 0.000 09:51:42.59
0 -13 -2.7 3.1 -7.011 -8.118 6.9 -10.3 -83.2 36.7157108 -4.4908487 0.00 0.00 0.00 0.000 09:51:42.69
0 -13 -2.7 3.1 -7.011 -7.995 6.9 -10.2 -83.2 36.7157108 -4.4908487 0.00 0.00 0.00 0.000 09:51:42.78
0 -13 -2.7 3.1 -7.872 -8.487 6.8 -10.2 -83.0 36.7157108 -4.4908487 0.00 0.00 0.00 0.000 09:51:42.89
0 -13 -2.7 3.1 -9.840 -6.519 6.8 -10.2 -82.9 36.7157108 -4.4908487 0.00 0.00 0.00 0.000 09:51:42.98
0 -13 -2.7 3.1 -6.888 -10.086 6.8 -10.2 -82.8 36.7157108 -4.4908487 0.00 0.00 0.00 0.000 09:51:43.09
0 -13 -2.7 3.1 -9.840 -7.872 6.8 -10.2 -82.7 36.7157108 -4.4908487 0.00 0.00 0.00 0.000 09:51:43.19
0 -14 -2.7 3.1 -7.995 -7.011 6.8 -10.2 -82.6 36.7157108 -4.4908487 0.00 0.00 0.00 0.000 09:51:43.28
0 -14 -2.7 3.1 -7.503 -6.027 6.8 -10.1 -82.4 36.7157108 -4.4908487 0.00 0.00 0.00 0.000 09:51:43.39
0 -14 -2.7 3.1 -9.471 -9.348 6.8 -10.2 -82.3 36.7157108 -4.4908487 0.00 0.00 0.00 0.000 09:51:43.48
0 -14 -2.7 3.1 -9.471 -8.979 6.8 -10.1 -82.3 36.7157108 -4.4908487 0.00 0.00 0.00 0.000 09:51:43.59
0 -14 -2.7 3.1 -12.300 -8.241 6.8 -10.1 -82.3 36.7157108 -4.4908487 0.00 0.00 0.00 0.000 09:51:43.69
0 -14 -2.7 3.1 -9.963 -8.487 6.8 -10.1 -82.3 36.7157108 -4.4908487 0.00 0.00 0.00 0.000 09:51:43.78
0 -14 -2.7 3.1 -7.134 -7.626 6.8 -10.1 -82.2 36.7157108 -4.4908487 0.00 0.00 0.00 0.000 09:51:43.89
0 -14 -2.7 3.1 -8.979 -7.872 6.9 -10.0 -82.2 36.7157108 -4.4908487 0.00 0.00 0.00 0.000 09:51:43.98
0 -14 -2.7 3.1 -10.086 -8.364 6.9 -10.0 -82.2 36.7157108 -4.4908487 0.00 0.00 0.00 0.000 09:51:44.09
0 -14 -2.7 3.1 -7.995 -8.364 6.9 -10.0 -82.2 36.7157108 -4.4908487 0.00 0.00 0.00 0.000 09:51:44.19
0 -14 -2.7 3.1 -7.503 -8.364 6.9 -9.9 -82.2 36.7157108 -4.4908487 0.00 0.00 0.00 0.000 09:51:44.28
0 -14 -2.7 3.1 -8.979 -9.225 6.9 -9.8 -82.1 36.7157108 -4.4908487 0.00 0.00 0.00 0.000 09:51:44.39
0 -14 -2.7 3.1 -7.380 -8.487 6.9 -9.8 -82.0 36.7157108 -4.4908487 0.00 0.00 0.00 0.000 09:51:44.48
0 -14 -2.7 3.1 -7.626 -7.995 6.9 -9.8 -82.0 36.7157108 -4.4908487 0.00 0.00 0.00 0.000 09:51:44.59
0 -14 -2.7 3.1 -8.487 -6.273 6.9 -9.7 -82.0 36.7157108 -4.4908487 0.00 0.00 0.00 0.000 09:51:44.69
0 -14 -2.7 3.1 -8.733 -9.348 6.9 -9.7 -82.0 36.7157108 -4.4908487 0.00 0.00 0.00 0.000 09:51:44.79
0 -14 -2.7 3.1 -11.685 -7.503 6.9 -9.6 -82.0 36.7157108 -4.4908487 0.00 0.00 0.00 0.000 09:51:44.89
0 -14 -2.7 3.1 -10.086 -7.011 6.9 -9.6 -81.9 36.7157108 -4.4908487 0.00 0.00 0.00 0.000 09:51:44.98
0 -14 -2.7 3.1 -9.348 -9.471 6.9 -9.5 -81.9 36.7157108 -4.4908487 0.00 0.00 0.00 0.000 09:51:45.09
0 -14 -2.7 3.1 -7.995 -7.380 6.9 -9.5 -81.9 36.7157108 -4.4908487 0.00 0.00 0.00 0.000 09:51:45.19
0 -14 -2.7 3.1 -7.503 -8.118 6.9 -9.4 -81.9 36.7157108 -4.4908487 0.00 0.00 0.00 0.000 09:51:45.29
0 -14 -2.7 3.1 -9.471 -7.380 6.9 -9.4 -81.8 36.7157108 -4.4908487 0.00 0.00 0.00 0.000 09:51:45.39
0 -14 -2.7 3.1 -10.455 -9.840 6.9 -9.4 -81.8 36.7157108 -4.4908487 0.00 0.00 0.00 0.000 09:51:45.48
0 -14 -2.7 3.1 -8.487 -8.733 6.8 -9.4 -81.8 36.7157108 -4.4908487 0.00 0.00 0.00 0.000 09:51:45.59
0 -14 -2.7 3.1 -9.225 -7.872 6.8 -9.4 -81.7 36.7157108 -4.4908487 0.00 0.00 0.00 0.000 09:51:45.69
0 -14 -2.7 3.1 -10.578 -8.733 6.9 -9.4 -81.7 36.7157108 -4.4908487 0.00 0.00 0.00 0.000 09:51:45.79
0 -14 -2.7 3.1 -7.749 -8.364 6.8 -9.3 -81.7 36.7157108 -4.4908487 0.00 0.00 0.00 0.000 09:51:45.89
0 -14 -2.7 3.1 -8.733 -8.856 6.8 -9.3 -81.7 36.7157108 -4.4908487 0.00 0.00 0.00 0.000 09:51:46.00
0 -14 -2.7 3.1 -10.209 -7.872 6.8 -9.3 -81.7 36.7157108 -4.4908487 0.00 0.00 0.00 0.000 09:51:46.09
0 -14 -2.7 3.1 -8.733 -8.118 6.8 -9.2 -81.7 36.7157108 -4.4908487 0.00 0.00 0.00 0.000 09:51:46.19
0 -14 -3.1 3.4 -11.562 -8.487 6.8 -9.2 -81.7 36.7157108 -4.4908487 0.00 0.00 0.00 0.000 09:51:46.29
0 -14 -3.1 3.4 -11.193 -9.225 6.7 -9.2 -81.7 36.7157108 -4.4908487 0.00 0.00 0.00 0.000 09:51:46.39
0 -14 -3.1 3.4 -9.225 -7.380 6.7 -9.2 -81.6 36.7157108 -4.4908487 0.00 0.00 0.00 0.000 09:51:46.50
0 -14 -3.1 3.4 -9.840 -7.503 6.7 -9.2 -81.6 36.7157108 -4.4908487 0.00 0.00 0.00 0.000 09:51:46.59
0 -14 -3.1 3.4 -9.102 -9.348 6.7 -9.1 -81.6 36.7157108 -4.4908487 0.00 0.00 0.00 0.000 09:51:46.70
0 -14 -3.1 3.4 -14.022 -9.594 6.7 -9.1 -81.6 36.7157108 -4.4908487 0.00 0.00 0.00 0.000 09:51:46.79
0 -14 -3.1 3.4 -12.546 -9.717 6.7 -9.1 -81.5 36.7157108 -4.4908487 0.00 0.00 0.00 0.000 09:51:46.89
0 -14 -3.1 3.4 -9.963 -8.118 6.7 -9.1 -81.5 36.7157108 -4.4908487 0.00 0.00 0.00 0.000 09:51:47.00
0 -14 -3.1 3.4 -10.209 -8.364 6.7 -9.1 -81.5 36.7157108 -4.4908487 0.00 0.00 0.00 0.000 09:51:47.09
0 -14 -3.1 3.4 -10.701 -8.856 6.7 -9.1 -81.5 36.7157108 -4.4908487 0.00 0.00 0.00 0.000 09:51:47.20
0 -14 -3.1 3.4 -12.423 -8.118 6.7 -9.0 -81.5 36.7157108 -4.4908487 0.00 0.00 0.00 0.000 09:51:47.29
0 -14 -3.1 3.4 -10.332 -8.733 6.7 -9.0 -81.5 36.7157108 -4.4908487 0.00 0.00 0.00 0.000 09:51:47.40
0 -14 -3.1 3.4 -11.931 -8.241 6.7 -9.0 -81.5 36.7157108 -4.4908487 0.00 0.00 0.00 0.000 09:51:47.50
0 -14 -3.1 3.4 -11.316 -8.856 6.6 -9.0 -81.5 36.7157108 -4.4908487 0.00 0.00 0.00 0.000 09:51:47.59
0 -14 -3.1 3.4 -10.332 -7.749 6.6 -9.0 -81.5 36.7157108 -4.4908487 0.00 0.00 0.00 0.000 09:51:47.70
0 -14 -3.1 3.4 -11.070 -8.241 6.6 -9.0 -81.5 36.7157108 -4.4908487 0.00 0.00 0.00 0.000 09:51:47.79
0 -14 -3.1 3.4 -9.471 -8.733 6.6 -9.0 -81.6 36.7157108 -4.4908487 0.00 0.00 0.00 0.000 09:51:47.90
0 -14 -3.1 3.4 -12.300 -7.995 6.6 -8.9 -81.6 36.7157108 -4.4908487 0.00 0.00 0.00 0.000 09:51:48.00
0 -14 -3.1 3.4 -8.364 -9.840 6.6 -8.9 -81.6 36.7157108 -4.4908487 0.00 0.00 0.00 0.000 09:51:48.11
0 -14 -3.1 3.4 -10.701 -7.626 6.6 -8.9 -81.6 36.7157108 -4.4908487 0.00 0.00 0.00 0.000 09:51:48.20
0 -14 -3.1 3.4 -11.070 -8.364 6.6 -8.8 -81.6 36.7157108 -4.4908487 0.00 0.00 0.00 0.000 09:51:48.29
0 -14 -3.1 3.4 -8.856 -9.102 6.6 -8.8 -81.6 36.7157108 -4.4908487 0.00 0.00 0.00 0.000 09:51:48.40
0 -14 -3.1 3.4 -9.840 -8.979 6.6 -8.7 -81.6 36.7157108 -4.4908487 0.00 0.00 0.00 0.000 09:51:48.50
0 -14 -3.1 3.4 -9.594 -8.856 6.6 -8.7 -81.6 36.7157108 -4.4908487 0.00 0.00 0.00 0.000 09:51:48.61
0 -14 -3.1 3.4 -12.546 -7.749 6.6 -8.7 -81.7 36.7157108 -4.4908487 0.00 0.00 0.00 0.000 09:51:48.70
0 -14 -3.1 3.4 -11.808 -7.872 6.6 -8.7 -81.7 36.7157108 -4.4908487 0.00 0.00 0.00 0.000 09:51:48.81
0 -14 -3.1 3.4 -12.177 -7.995 6.6 -8.6 -81.7 36.7157108 -4.4908487 0.00 0.00 0.00 0.000 09:51:48.90
0 -14 -3.1 3.4 -12.669 -8.118 6.5 -8.6 -81.7 36.7157108 -4.4908487 0.00 0.00 0.00 0.000 09:51:49.00
0 -14 -3.1 3.4 -9.717 -7.872 6.5 -8.6 -81.8 36.7157108 -4.4908487 0.00 0.00 0.00 0.000 09:51:49.11
0 -14 -3.1 3.4 -9.963 -6.765 6.5 -8.5 -81.8 36.7157108 -4.4908487 0.00 0.00 0.00 0.000 09:51:49.20
0 -14 -3.1 3.4 -12.300 -7.995 6.5 -8.5 -81.8 36.7157108 -4.4908487 0.00 0.00 0.00 0.000 09:51:49.31
0 -14 -3.1 3.4 -13.530 -8.979 6.5 -8.5 -81.9 36.7157108 -4.4908487 0.00 0.00 0.00 0.000 09:51:49.40
0 -14 -3.1 3.4 -10.455 -8.856 6.5 -8.5 -81.9 36.7157108 -4.4908487 0.00 0.00 0.00 0.000 09:51:49.51
0 -14 -3.1 3.4 -10.578 -8.241 6.5 -8.5 -81.9 36.7157108 -4.4908487 0.00 0.00 0.00 0.000 09:51:49.61
0 -14 -3.1 3.4 -13.161 -7.134 6.4 -8.4 -82.0 36.7157108 -4.4908487 0.00 0.00 0.00 0.000 09:51:49.72
0 -14 -3.1 3.4 -9.594 -8.241 6.5 -8.4 -82.1 36.7157108 -4.4908487 0.00 0.00 0.00 0.000 09:51:49.81
0 -14 -3.1 3.4 -14.514 -8.610 6.5 -8.4 -82.1 36.7157108 -4.4908487 0.00 0.00 0.00 0.000 09:51:49.92
0 -14 -3.1 3.4 -11.685 -8.241 6.4 -8.3 -82.2 36.7157108 -4.4908487 0.00 0.00 0.00 0.000 09:51:50.01
0 -14 -3.1 3.4 -11.685 -8.733 6.4 -8.3 -82.3 36.7157108 -4.4908487 0.00 0.00 0.00 0.000 09:51:50.11
0 -14 -3.1 3.4 -11.808 -8.118 6.4 -8.3 -82.3 36.7157108 -4.4908487 0.00 0.00 0.00 0.000 09:51:50.22
0 -14 -3.1 3.4 -12.300 -8.364 6.4 -8.3 -82.4 36.7157108 -4.4908487 0.00 0.00 0.00 0.000 09:51:50.31
0 -14 -3.1 3.4 -15.744 -7.626 6.4 -8.3 -82.5 36.7157108 -4.4908487 0.00 0.00 0.00 0.000 09:51:50.42
0 -14 -3.1 3.4 -10.209 -8.856 6.4 -8.3 -82.5 36.7157108 -4.4908487 0.00 0.00 0.00 0.000 09:51:50.51
0 -14 -3.1 3.4 -10.455 -9.594 6.4 -8.2 -82.7 36.7157108 -4.4908487 0.00 0.00 0.00 0.000 09:51:50.62
0 -14 -3.1 3.4 -11.808 -7.503 6.4 -8.2 -82.7 36.7157108 -4.4908487 0.00 0.00 0.00 0.000 09:51:50.72
0 -14 -3.1 3.4 -9.471 -7.995 6.4 -8.2 -82.9 36.7157108 -4.4908487 0.00 0.00 0.00 0.000 09:51:50.83
0 -14 -3.1 3.4 -10.332 -9.717 6.4 -8.2 -82.9 36.7157108 -4.4908487 0.00 0.00 0.00 0.000 09:51:50.92
0 -14 -3.1 3.4 -10.086 -11.070 6.4 -8.2 -83.0 36.7157108 -4.4908487 0.00 0.00 0.00 0.000 09:51:51.03
0 -14 -3.1 3.4 -13.530 -7.995 6.4 -8.1 -83.1 36.7157108 -4.4908487 0.00 0.00 0.00 0.000 09:51:51.12
0 -14 -3.1 3.4 -12.915 -7.995 6.4 -8.1 -83.2 36.7157108 -4.4908487 0.00 0.00 0.00 0.000 09:51:51.22
0 -14 -2.7 3.1 -12.177 -7.995 6.4 -8.1 -83.3 36.7157108 -4.4908487 0.00 0.00 0.00 0.000 09:51:51.33
0 -14 -2.7 3.1 -10.455 -7.134 6.4 -8.1 -83.4 36.7157108 -4.4908487 0.00 0.00 0.00 0.000 09:51:51.42
0 -14 -2.7 3.1 -9.225 -8.241 6.4 -8.1 -83.6 36.7157108 -4.4908487 0.00 0.00 0.00 0.000 09:51:51.53
0 -14 -2.7 3.1 -10.086 -9.717 6.4 -8.1 -83.6 36.7157108 -4.4908487 0.00 0.00 0.00 0.000 09:51:51.62
0 -14 -2.7 3.1 -11.562 -8.856 6.4 -8.0 -83.8 36.7157108 -4.4908487 0.00 0.00 0.00 0.000 09:51:51.73
0 -14 -2.7 3.1 -13.161 -8.733 6.4 -8.0 -83.9 36.7157108 -4.4908487 0.00 0.00 0.00 0.000 09:51:51.83
0 -14 -2.7 3.1 -9.963 -9.225 6.4 -8.0 -84.1 36.7157108 -4.4908487 0.00 0.00 0.00 0.000 09:51:51.92
0 -14 -2.7 3.1 -13.530 -8.733 6.4 -8.0 -84.2 36.7157108 -4.4908487 0.00 0.00 0.00 0.000 09:51:52.03
0 -14 -2.7 3.1 -11.316 -9.348 6.4 -8.0 -84.3 36.7157108 -4.4908487 0.00 0.00 0.00 0.000 09:51:52.12
0 -14 -2.7 3.1 -9.225 -9.471 6.4 -8.0 -84.4 36.7157108 -4.4908487 0.00 0.00 0.00 0.000 09:51:52.23
0 -14 -2.7 3.1 -14.022 -8.733 6.4 -8.0 -84.6 36.7157108 -4.4908487 0.00 0.00 0.00 0.000 09:51:52.33
0 -14 -2.7 3.1 -10.332 -8.979 6.4 -8.0 -84.8 36.7157108 -4.4908487 0.00 0.00 0.00 0.000 09:51:52.42
0 -14 -2.7 3.1 -14.022 -8.364 6.4 -8.0 -84.9 36.7157108 -4.4908487 0.00 0.00 0.00 0.000 09:51:52.53
0 -14 -2.7 3.1 -13.530 -7.995 6.4 -8.0 -85.0 36.7157108 -4.4908487 0.00 0.00 0.00 0.000 09:51:52.62
0 -14 -2.7 3.1 -9.225 -7.872 6.4 -8.0 -85.2 36.7157108 -4.4908487 0.00 0.00 0.00 0.000 09:51:52.73
0 -14 -2.7 3.1 -13.653 -7.626 6.4 -8.1 -85.4 36.7157108 -4.4908487 0.00 0.00 0.00 0.000 09:51:52.83
0 -14 -2.7 3.1 -9.594 -8.979 6.4 -8.0 -85.5 36.7157108 -4.4908487 0.00 0.00 0.00 0.000 09:51:52.92
0 -14 -2.7 3.1 -13.407 -8.118 6.4 -8.0 -85.7 36.7157108 -4.4908487 0.00 0.00 0.00 0.000 09:51:53.03
0 -14 -2.7 3.1 -13.161 -9.348 6.4 -8.1 -85.8 36.7157108 -4.4908487 0.00 0.00 0.00 0.000 09:51:53.12
0 -14 -2.7 3.1 -13.284 -7.995 6.4 -8.1 -86.0 36.7157108 -4.4908487 0.00 0.00 0.00 0.000 09:51:53.23
0 -14 -2.7 3.1 -11.316 -7.503 6.4 -8.0 -86.2 36.7157108 -4.4908487 0.00 0.00 0.00 0.000 09:51:53.33
0 -14 -2.7 3.1 -13.038 -8.118 6.4 -8.1 -86.3 36.7157108 -4.4908487 0.00 0.00 0.00 0.000 09:51:53.42
0 -14 -2.7 3.1 -9.348 -8.856 6.3 -8.1 -86.5 36.7157108 -4.4908487 0.00 0.00 0.00 0.000 09:51:53.53
0 -14 -2.7 3.1 -10.578 -9.840 6.3 -8.1 -86.6 36.7157108 -4.4908487 0.00 0.00 0.00 0.000 09:51:53.62
0 -14 -2.7 3.1 -13.776 -6.888 6.3 -8.1 -86.8 36.7157108 -4.4908487 0.00 0.00 0.00 0.000 09:51:53.73
0 -14 -2.7 3.1 -8.733 -7.626 6.3 -8.2 -86.8 36.7157108 -4.4908487 0.00 0.00 0.00 0.000 09:51:53.83
0 -14 -2.7 3.1 -7.134 -7.257 6.3 -8.1 -86.8 36.7157108 -4.4908487 0.00 0.00 0.00 0.000 09:51:53.94
0 -14 -2.7 3.1 -8.487 -8.118 6.3 -8.1 -86.8 36.7157108 -4.4908487 0.00 0.00 0.00 0.000 09:51:54.03
0 -14 -2.7 3.1 -8.364 -8.856 6.2 -8.1 -86.9 36.7157108 -4.4908487 0.00 0.00 0.00 0.000 09:51:54.14
0 -14 -2.7 3.1 -10.455 -8.241 6.3 -8.2 -87.1 36.7157108 -4.4908487 0.00 0.00 0.00 0.000 09:51:54.23
0 -14 -2.7 3.1 -9.840 -10.455 6.3 -8.2 -87.2 36.7157108 -4.4908487 0.00 0.00 0.00 0.000 09:51:54.33
0 -14 -2.7 3.1 -11.316 -7.995 6.3 -8.2 -87.4 36.7157108 -4.4908487 0.00 0.00 0.00 0.000 09:51:54.44
0 -14 -2.7 3.1 -13.038 -7.626 6.2 -8.2 -87.6 36.7157108 -4.4908487 0.00 0.00 0.00 0.000 09:51:54.53
0 -14 -2.7 3.1 -10.824 -8.364 6.2 -8.2 -87.8 36.7157108 -4.4908487 0.00 0.00 0.00 0.000 09:51:54.64
0 -14 -2.7 3.1 -10.947 -8.364 6.2 -8.2 -88.0 36.7157108 -4.4908487 0.00 0.00 0.00 0.000 09:51:54.73
0 -14 -2.7 3.1 -12.054 -10.209 6.2 -8.2 -88.1 36.7157108 -4.4908487 0.00 0.00 0.00 0.000 09:51:54.83
0 -14 -2.7 3.1 -10.824 -8.856 6.2 -8.2 -88.3 36.7157108 -4.4908487 0.00 0.00 0.00 0.000 09:51:54.94
0 -14 -2.7 3.1 -9.594 -6.642 6.2 -8.2 -88.5 36.7157108 -4.4908487 0.00 0.00 0.00 0.000 09:51:55.03
0 -14 -2.7 3.1 -10.578 -7.872 6.3 -8.2 -88.7 36.7157108 -4.4908487 0.00 0.00 0.00 0.000 09:51:55.14
0 -14 -2.7 3.1 -10.455 -8.856 6.3 -8.2 -88.9 36.7157108 -4.4908487 0.00 0.00 0.00 0.000 09:51:55.23
0 -14 -2.7 3.1 -11.562 -8.979 6.3 -8.2 -89.1 36.7157108 -4.4908487 0.00 0.00 0.00 0.000 09:51:55.33
0 -14 -2.7 3.1 -11.070 -7.380 6.2 -8.2 -89.3 36.7157108 -4.4908487 0.00 0.00 0.00 0.000 09:51:55.44
0 -14 -2.7 3.1 -8.979 -9.471 6.2 -8.2 -89.6 36.7157108 -4.4908487 0.00 0.00 0.00 0.000 09:51:55.53
0 -14 -2.7 3.1 -12.177 -6.888 6.2 -8.2 -89.8 36.7157108 -4.4908487 0.00 0.00 0.00 0.000 09:51:55.64
0 -14 -2.7 3.1 -7.749 -10.209 6.2 -8.2 -90.0 36.7157108 -4.4908487 0.00 0.00 0.00 0.000 09:51:55.73
0 -14 -2.7 3.1 -10.209 -8.241 6.2 -8.2 -90.2 36.7157108 -4.4908487 0.00 0.00 0.00 0.000 09:51:55.83
0 -14 -2.7 3.1 -11.808 -7.749 6.2 -8.2 -90.4 36.7157108 -4.4908487 0.00 0.00 0.00 0.000 09:51:55.94
0 -14 -2.7 3.1 -7.380 -8.610 6.2 -8.2 -90.7 36.7157108 -4.4908487 0.00 0.00 0.00 0.000 09:51:56.03
0 -14 -2.7 3.1 -9.963 -7.995 6.2 -8.2 -90.8 36.7157108 -4.4908487 0.00 0.00 0.00 0.000 09:51:56.14
0 -14 -3.4 3.1 -9.963 -9.840 6.2 -8.2 -91.1 36.7157108 -4.4908487 0.00 0.00 0.00 0.000 09:51:56.23
0 -14 -3.4 3.1 -7.749 -6.642 6.2 -8.2 -91.3 36.7157108 -4.4908487 0.00 0.00 0.00 0.000 09:51:56.33
0 -14 -3.4 3.1 -8.118 -8.979 6.2 -8.1 -91.5 36.7157108 -4.4908487 0.00 0.00 0.00 0.000 09:51:56.44
0 -14 -3.4 3.1 -9.840 -6.519 6.2 -8.1 -91.7 36.7157108 -4.4908487 0.00 0.00 0.00 0.000 09:51:56.53
0 -14 -3.4 3.1 -9.840 -7.995 6.1 -8.2 -91.9 36.7157108 -4.4908487 0.00 0.00 0.00 0.000 09:51:56.64
0 -14 -3.4 3.1 -9.471 -7.872 6.1 -8.2 -92.1 36.7157108 -4.4908487 0.00 0.00 0.00 0.000 09:51:56.73
0 -14 -3.4 3.1 -7.872 -8.487 6.1 -8.2 -92.3 36.7157108 -4.4908487 0.00 0.00 0.00 0.000 09:51:56.83
0 -14 -3.4 3.1 -7.011 -7.626 6.1 -8.1 -92.5 36.7157108 -4.4908487 0.00 0.00 0.00 0.000 09:51:56.94
0 -14 -3.4 3.1 -6.888 -8.610 6.1 -8.1 -92.7 36.7157108 -4.4908487 0.00 0.00 0.00 0.000 09:51:57.03
0 -14 -3.4 3.1 -8.118 -8.610 6.1 -8.1 -92.9 36.7157108 -4.4908487 0.00 0.00 0.00 0.000 09:51:57.14
0 -14 -3.4 3.1 -8.610 -8.241 6.1 -8.1 -93.1 36.7157108 -4.4908487 0.00 0.00 0.00 0.000 09:51:57.23
0 -14 -3.4 3.1 -8.241 -9.963 6.1 -8.1 -93.3 36.7157108 -4.4908487 0.00 0.00 0.00 0.000 09:51:57.33
0 -14 -3.4 3.1 -12.054 -10.209 6.1 -8.1 -93.5 36.7157108 -4.4908487 0.00 0.00 0.00 0.000 09:51:57.44
0 -14 -3.4 3.1 -7.872 -8.610 6.1 -8.2 -93.6 36.7157108 -4.4908487 0.00 0.00 0.00 0.000 09:51:57.53
0 -14 -3.4 3.1 -7.134 -5.658 6.1 -8.2 -93.8 36.7157108 -4.4908487 0.00 0.00 0.00 0.000 09:51:57.64
0 -14 -3.4 3.1 -8.979 -7.872 6.1 -8.2 -94.1 36.7157108 -4.4908487 0.00 0.00 0.00 0.000 09:51:57.73
0 -14 -3.4 3.1 -8.364 -8.979 6.1 -8.2 -94.3 36.7157108 -4.4908487 0.00 0.00 0.00 0.000 09:51:57.84
0 -14 -3.4 3.1 -8.364 -8.610 6.1 -8.2 -94.5 36.7157108 -4.4908487 0.00 0.00 0.00 0.000 09:51:57.94
0 -14 -3.4 3.1 -7.503 -9.840 6.1 -8.1 -94.7 36.7157108 -4.4908487 0.00 0.00 0.00 0.000 09:51:58.03
0 -14 -3.4 3.1 -10.086 -8.487 6.1 -8.2 -94.8 36.7157108 -4.4908487 0.00 0.00 0.00 0.000 09:51:58.14
0 -14 -3.4 3.1 -7.134 -7.626 6.1 -8.1 -95.0 36.7157108 -4.4908487 0.00 0.00 0.00 0.000 09:51:58.23
0 -14 -3.4 3.1 -7.503 -7.749 6.1 -8.2 -95.2 36.7157108 -4.4908487 0.00 0.00 0.00 0.000 09:51:58.34
0 -14 -3.4 3.1 -7.626 -7.011 6.1 -8.2 -95.4 36.7157108 -4.4908487 0.00 0.00 0.00 0.000 09:51:58.44
0 -14 -3.4 3.1 -6.765 -7.257 6.1 -8.2 -95.6 36.7157108 -4.4908487 0.00 0.00 0.00 0.000 09:51:58.53
0 -14 -3.4 3.1 -8.979 -7.503 6.1 -8.2 -95.8 36.7157108 -4.4908487 0.00 0.00 0.00 0.000 09:51:58.64
0 -14 -3.4 3.1 -6.642 -10.209 6.1 -8.1 -96.0 36.7157108 -4.4908487 0.00 0.00 0.00 0.000 09:51:58.73
0 -14 -3.4 3.1 -8.733 -7.626 6.1 -8.2 -96.1 36.7157108 -4.4908487 0.00 0.00 0.00 0.000 09:51:58.84
0 -14 -3.4 3.1 -8.487 -7.995 6.1 -8.1 -96.3 36.7157108 -4.4908487 0.00 0.00 0.00 0.000 09:51:58.94
0 -14 -3.4 3.1 -10.332 -8.241 6.0 -8.1 -96.5 36.7157108 -4.4908487 0.00 0.00 0.00 0.000 09:51:59.03
0 -14 -3.4 3.1 -9.963 -6.765 6.1 -8.2 -96.6 36.7157108 -4.4908487 0.00 0.00 0.00 0.000 09:51:59.14
0 -14 -3.4 3.1 -8.733 -7.503 6.1 -8.2 -96.8 36.7157108 -4.4908487 0.00 0.00 0.00 0.000 09:51:59.23
0 -14 -3.4 3.1 -7.134 -8.118 6.1 -8.2 -97.0 36.7157108 -4.4908487 0.00 0.00 0.00 0.000 09:51:59.34
0 -14 -3.4 3.1 -6.519 -8.856 6.1 -8.2 -97.2 36.7157108 -4.4908487 0.00 0.00 0.00 0.000 09:51:59.44
0 -14 -3.4 3.1 -8.364 -7.626 6.0 -8.2 -97.3 36.7157108 -4.4908487 0.00 0.00 0.00 0.000 09:51:59.53
0 -14 -3.4 3.1 -7.872 -8.487 6.0 -8.2 -97.5 36.7157108 -4.4908487 0.00 0.00 0.00 0.000 09:51:59.64
0 -14 -3.4 3.1 -7.872 -7.749 6.0 -8.2 -97.6 36.7157108 -4.4908487 0.00 0.00 0.00 0.000 09:51:59.73
0 -14 -3.4 3.1 -7.995 -8.856 6.0 -8.2 -97.8 36.7157108 -4.4908487 0.00 0.00 0.00 0.000 09:51:59.84
0 -14 -3.4 3.1 -9.102 -7.380 6.0 -8.2 -97.9 36.7157108 -4.4908487 0.00 0.00 0.00 0.000 09:51:59.94
0 -14 -3.4 3.1 -6.273 -8.487 6.0 -8.2 -98.0 36.7157108 -4.4908487 0.00 0.00 0.00 0.000 09:52:00.03
0 -14 -3.4 3.1 -7.134 -10.086 6.0 -8.2 -98.1 36.7157108 -4.4908487 0.00 0.00 0.00 0.000 09:52:00.14
0 -14 -3.4 3.1 -9.348 -7.626 6.0 -8.2 -98.2 36.7157108 -4.4908487 0.00 0.00 0.00 0.000 09:52:00.23
0 -14 -3.4 3.1 -9.840 -8.364 6.0 -8.2 -98.3 36.7157108 -4.4908487 0.00 0.00 0.00 0.000 09:52:00.34
0 -14 -3.4 3.1 -9.348 -8.118 6.0 -8.2 -98.4 36.7157108 -4.4908487 0.00 0.00 0.00 0.000 09:52:00.44
0 -14 -3.4 3.1 -8.487 -7.995 6.0 -8.1 -98.4 36.7157108 -4.4908487 0.00 0.00 0.00 0.000 09:52:00.54
0 -14 -3.4 3.1 -7.995 -7.011 6.0 -8.1 -98.5 36.7157108 -4.4908487 0.00 0.00 0.00 0.000 09:52:00.64
0 -14 -3.4 3.1 -8.610 -8.979 6.0 -8.2 -98.6 36.7157108 -4.4908487 0.00 0.00 0.00 0.000 09:52:00.73
0 -14 -3.4 3.1 -7.995 -7.626 6.0 -8.1 -98.6 36.7157108 -4.4908487 0.00 0.00 0.00 0.000 09:52:00.84
0 -14 -3.4 3.1 -11.070 -8.118 6.0 -8.1 -98.6 36.7157108 -4.4908487 0.00 0.00 0.00 0.000 09:52:00.94
0 -14 -3.4 3.1 -8.118 -8.733 5.9 -8.1 -98.6 36.7157108 -4.4908487 0.00 0.00 0.00 0.000 09:52:01.04
0 -14 -3.4 3.1 -9.840 -7.872 5.9 -8.0 -98.6 36.7157108 -4.4908487 0.00 0.00 0.00 0.000 09:52:01.14
0 -14 -3.1 3.1 -7.872 -8.856 5.9 -8.0 -98.7 36.7157108 -4.4908487 0.00 0.00 0.00 0.000 09:52:01.23
0 -14 -3.1 3.1 -10.701 -9.594 5.9 -8.0 -98.6 36.7157108 -4.4908487 0.00 0.00 0.00 0.000 09:52:01.34
0 -14 -3.1 3.1 -7.995 -10.701 5.9 -8.0 -98.6 36.7157108 -4.4908487 0.00 0.00 0.00 0.000 09:52:01.44
0 -14 -3.1 3.1 -8.610 -7.134 5.9 -8.0 -98.6 36.7157108 -4.4908487 0.00 0.00 0.00 0.000 09:52:01.54
0 -14 -3.1 3.1 -8.118 -7.872 5.9 -7.9 -98.6 36.7157108 -4.4908487 0.00 0.00 0.00 0.000 09:52:01.64
0 -14 -3.1 3.1 -7.995 -7.257 5.9 -7.9 -98.6 36.7157108 -4.4908487 0.00 0.00 0.00 0.000 09:52:01.75
0 -14 -3.1 3.1 -9.594 -7.134 5.9 -7.9 -98.6 36.7157108 -4.4908487 0.00 0.00 0.00 0.000 09:52:01.84
0 -14 -3.1 3.1 -7.626 -8.241 5.8 -7.9 -98.5 36.7157108 -4.4908487 0.00 0.00 0.00 0.000 09:52:01.94
0 -14 -3.1 3.1 -8.979 -8.118 5.8 -7.9 -98.5 36.7157108 -4.4908487 0.00 0.00 0.00 0.000 09:52:02.04
0 -14 -3.1 3.1 -10.701 -8.733 5.8 -7.9 -98.4 36.7157108 -4.4908487 0.00 0.00 0.00 0.000 09:52:02.14
0 -14 -3.1 3.1 -9.594 -6.765 5.8 -7.9 -98.3 36.7157108 -4.4908487 0.00 0.00 0.00 0.000 09:52:02.25
0 -14 -3.1 3.1 -9.840 -8.487 5.8 -7.9 -98.2 36.7157108 -4.4908487 0.00 0.00 0.00 0.000 09:52:02.34
0 -14 -3.1 3.1 -8.364 -8.610 5.8 -8.0 -98.2 36.7157108 -4.4908487 0.00 0.00 0.00 0.000 09:52:02.45
0 -14 -3.1 3.1 -10.209 -7.749 5.8 -8.0 -98.1 36.7157108 -4.4908487 0.00 0.00 0.00 0.000 09:52:02.54
0 -14 -3.1 3.1 -8.118 -8.856 5.8 -8.0 -98.0 36.7157108 -4.4908487 0.00 0.00 0.00 0.000 09:52:02.64
0 -14 -3.1 3.1 -10.455 -8.733 5.8 -8.0 -97.8 36.7157108 -4.4908487 0.00 0.00 0.00 0.000 09:52:02.75
0 -14 -3.1 3.1 -10.578 -8.487 5.8 -8.0 -97.7 36.7157108 -4.4908487 0.00 0.00 0.00 0.000 09:52:02.84
0 -14 -3.1 3.1 -10.332 -8.364 5.8 -8.0 -97.6 36.7157108 -4.4908487 0.00 0.00 0.00 0.000 09:52:02.95
0 -14 -3.1 3.1 -9.963 -5.412 5.8 -7.9 -97.5 36.7157108 -4.4908487 0.00 0.00 0.00 0.000 09:52:03.04
0 -14 -3.1 3.1 -8.610 -7.503 5.7 -7.9 -97.3 36.7157108 -4.4908487 0.00 0.00 0.00 0.000 09:52:03.15
0 -14 -3.1 3.1 -9.717 -7.257 5.8 -8.0 -97.1 36.7157108 -4.4908487 0.00 0.00 0.00 0.000 09:52:03.25
0 -14 -3.1 3.1 -8.118 -8.610 5.8 -8.0 -96.9 36.7157108 -4.4908487 0.00 0.00 0.00 0.000 09:52:03.34
0 -14 -3.1 3.1 -9.717 -7.503 5.8 -8.0 -96.7 36.7157108 -4.4908487 0.00 0.00 0.00 0.000 09:52:03.45
0 -14 -3.1 3.1 -10.209 -8.610 5.8 -8.0 -96.5 36.7157108 -4.4908487 0.00 0.00 0.00 0.000 09:52:03.54
0 -14 -3.1 3.1 -11.070 -8.241 5.8 -8.0 -96.3 36.7157108 -4.4908487 0.00 0.00 0.00 0.000 09:52:03.65
0 -14 -3.1 3.1 -10.332 -7.749 5.8 -8.0 -96.1 36.7157108 -4.4908487 0.00 0.00 0.00 0.000 09:52:03.75
0 -14 -3.1 3.1 -7.503 -7.257 5.7 -8.0 -95.9 36.7157108 -4.4908487 0.00 0.00 0.00 0.000 09:52:03.86
0 -14 -3.1 3.1 -8.856 -7.749 5.7 -8.0 -95.6 36.7157108 -4.4908487 0.00 0.00 0.00 0.000 09:52:03.95
0 -14 -3.1 3.1 -10.209 -8.118 5.7 -8.0 -95.3 36.7157108 -4.4908487 0.00 0.00 0.00 0.000 09:52:04.04
0 -14 -3.1 3.1 -11.316 -7.257 5.8 -8.0 -95.0 36.7157108 -4.4908487 0.00 0.00 0.00 0.000 09:52:04.15
0 -14 -3.1 3.1 -10.455 -8.979 5.7 -8.0 -94.8 36.7157108 -4.4908487 0.00 0.00 0.00 0.000 09:52:04.25
0 -14 -3.1 3.1 -9.102 -7.872 5.7 -8.0 -94.5 36.7157108 -4.4908487 0.00 0.00 0.00 0.000 09:52:04.36
0 -14 -3.1 3.1 -10.701 -7.749 5.7 -8.0 -94.2 36.7157108 -4.4908487 0.00 0.00 0.00 0.000 09:52:04.45
0 -14 -3.1 3.1 -12.054 -7.995 5.7 -7.9 -93.9 36.7157108 -4.4908487 0.00 0.00 0.00 0.000 09:52:04.56
0 -14 -3.1 3.1 -9.102 -7.257 5.7 -7.9 -93.6 36.7157108 -4.4908487 0.00 0.00 0.00 0.000 09:52:04.65
0 -14 -3.1 3.1 -9.594 -9.963 5.7 -7.8 -93.3 36.7157108 -4.4908487 0.00 0.00 0.00 0.000 09:52:04.75
0 -14 -3.1 3.1 -11.439 -9.102 5.7 -7.8 -92.8 36.7157108 -4.4908487 0.00 0.00 0.00 0.000 09:52:04.86
0 -14 -3.1 3.1 -11.808 -7.257 5.7 -7.9 -92.5 36.7157108 -4.4908487 0.00 0.00 0.00 0.000 09:52:04.95
0 -14 -3.1 3.1 -13.038 -8.487 5.8 -7.9 -92.1 36.7157108 -4.4908487 0.00 0.00 0.00 0.000 09:52:05.06
0 -14 -3.1 3.1 -13.284 -8.364 5.8 -7.8 -91.8 36.7157108 -4.4908487 0.00 0.00 0.00 0.000 09:52:05.15
0 -14 -3.1 3.1 -9.717 -9.348 5.7 -7.8 -91.4 36.7157108 -4.4908487 0.00 0.00 0.00 0.000 09:52:05.26
0 -14 -3.1 3.1 -11.808 -6.765 5.7 -7.8 -90.9 36.7157108 -4.4908487 0.00 0.00 0.00 0.000 09:52:05.36
0 -14 -3.1 3.1 -11.931 -8.487 5.7 -7.7 -90.6 36.7157108 -4.4908487 0.00 0.00 0.00 0.000 09:52:05.47
0 -14 -3.1 3.1 -14.022 -7.749 5.7 -7.7 -90.2 36.7157108 -4.4908487 0.00 0.00 0.00 0.000 09:52:05.56
0 -14 -3.1 3.1 -12.423 -7.749 5.7 -7.8 -89.8 36.7157108 -4.4908487 0.00 0.00 0.00 0.000 09:52:05.67
0 -14 -3.1 3.1 -12.792 -7.503 5.8 -7.8 -89.4 36.7157108 -4.4908487 0.00 0.00 0.00 0.000 09:52:05.76
0 -14 -3.1 3.1 -13.284 -8.487 5.8 -7.8 -89.1 36.7157108 -4.4908487 0.00 0.00 0.00 0.000 09:52:05.86
0 -14 -3.1 3.1 -12.177 -9.102 5.7 -7.8 -88.7 36.7157108 -4.4908487 0.00 0.00 0.00 0.000 09:52:05.97
0 -14 -3.1 3.1 -12.669 -7.749 5.7 -7.7 -88.3 36.7157108 -4.4908487 0.00 0.00 0.00 0.000 09:52:06.06
0 -14 -3.1 3.1 -12.669 -9.594 5.7 -7.7 -87.9 36.7157108 -4.4908487 0.00 0.00 0.00 0.000 09:52:06.17
0 -14 -2.7 3.1 -14.514 -8.118 5.7 -7.6 -87.5 36.7157108 -4.4908487 0.00 0.00 0.00 0.000 09:52:06.26
0 -14 -2.7 3.1 -10.578 -7.872 5.7 -7.6 -87.1 36.7157108 -4.4908487 0.00 0.00 0.00 0.000 09:52:06.37
0 -14 -2.7 3.1 -12.054 -7.995 5.7 -7.7 -86.7 36.7157108 -4.4908487 0.00 0.00 0.00 0.000 09:52:06.47
0 -14 -2.7 3.1 -11.316 -8.241 5.7 -7.7 -86.3 36.7157108 -4.4908487 0.00 0.00 0.00 0.000 09:52:06.58
0 -14 -2.7 3.1 -11.070 -9.471 5.7 -7.7 -85.9 36.7157108 -4.4908487 0.00 0.00 0.00 0.000 09:52:06.67
0 -14 -2.7 3.1 -10.701 -7.134 5.7 -7.7 -85.5 36.7157108 -4.4908487 0.00 0.00 0.00 0.000 09:52:06.78
0 -14 -2.7 3.1 -12.423 -8.979 5.7 -7.7 -85.2 36.7157108 -4.4908487 0.00 0.00 0.00 0.000 09:52:06.87
0 -14 -2.7 3.1 -12.792 -7.503 5.8 -7.6 -84.8 36.7157108 -4.4908487 0.00 0.00 0.00 0.000 09:52:06.97
0 -14 -2.7 3.1 -13.530 -7.503 5.7 -7.6 -84.4 36.7157108 -4.4908487 0.00 0.00 0.00 0.000 09:52:07.08
0 -14 -2.7 3.1 -9.717 -8.241 5.7 -7.6 -84.1 36.7157108 -4.4908487 0.00 0.00 0.00 0.000 09:52:07.17
0 -14 -2.7 3.1 -10.455 -5.904 5.8 -7.6 -83.8 36.7157108 -4.4908487 0.00 0.00 0.00 0.000 09:52:07.28
0 -14 -2.7 3.1 -11.439 -9.471 5.8 -7.6 -83.5 36.7157108 -4.4908487 0.00 0.00 0.00 0.000 09:52:07.37
0 -14 -2.7 3.1 -13.407 -7.872 5.8 -7.6 -83.2 36.7157108 -4.4908487 0.00 0.00 0.00 0.000 09:52:07.48
0 -14 -2.7 3.1 -9.471 -8.610 5.8 -7.6 -82.8 36.7157108 -4.4908487 0.00 0.00 0.00 0.000 09:52:07.58
0 -14 -2.7 3.1 -11.316 -7.503 5.8 -7.6 -82.5 36.7157108 -4.4908487 0.00 0.00 0.00 0.000 09:52:07.67
0 -14 -2.7 3.1 -12.915 -8.241 5.8 -7.6 -82.2 36.7157108 -4.4908487 0.00 0.00 0.00 0.000 09:52:07.78
0 -14 -2.7 3.1 -10.578 -8.487 5.8 -7.5 -81.8 36.7157108 -4.4908487 0.00 0.00 0.00 0.000 09:52:07.87
0 -14 -2.7 3.1 -12.423 -9.102 5.8 -7.5 -81.6 36.7157108 -4.4908487 0.00 0.00 0.00 0.000 09:52:07.98
0 -14 -2.7 3.1 -13.776 -7.380 5.8 -7.5 -81.3 36.7157108 -4.4908487 0.00 0.00 0.00 0.000 09:52:08.08
0 -14 -2.7 3.1 -10.455 -7.749 5.9 -7.5 -81.1 36.7157108 -4.4908487 0.00 0.00 0.00 0.000 09:52:08.17
0 -14 -2.7 3.1 -11.316 -7.995 5.9 -7.5 -80.9 36.7157108 -4.4908487 0.00 0.00 0.00 0.000 09:52:08.28
0 -14 -2.7 3.1 -11.562 -8.733 5.9 -7.5 -80.6 36.7157108 -4.4908487 0.00 0.00 0.00 0.000 09:52:08.37
0 -14 -2.7 3.1 -11.193 -7.872 5.9 -7.5 -80.4 36.7157108 -4.4908487 0.00 0.00 0.00 0.000 09:52:08.48
0 -14 -2.7 3.1 -11.316 -9.963 5.8 -7.5 -80.2 36.7157108 -4.4908487 0.00 0.00 0.00 0.000 09:52:08.58
0 -14 -2.7 3.1 -14.145 -7.626 5.8 -7.5 -80.0 36.7157108 -4.4908487 0.00 0.00 0.00 0.000 09:52:08.67
0 -14 -2.7 3.1 -9.963 -9.225 5.8 -7.5 -79.9 36.7157108 -4.4908487 0.00 0.00 0.00 0.000 09:52:08.78
0 -14 -2.7 3.1 -13.161 -7.872 5.9 -7.5 -79.7 36.7157108 -4.4908487 0.00 0.00 0.00 0.000 09:52:08.87
0 -14 -2.7 3.1 -9.471 -9.963 5.9 -7.5 -79.5 36.7157108 -4.4908487 0.00 0.00 0.00 0.000 09:52:08.98
0 -14 -2.7 3.1 -14.022 -8.118 5.9 -7.5 -79.4 36.7157108 -4.4908487 0.00 0.00 0.00 0.000 09:52:09.08
0 -14 -2.7 3.1 -11.808 -8.610 5.9 -7.5 -79.2 36.7157108 -4.4908487 0.00 0.00 0.00 0.000 09:52:09.17
0 -14 -2.7 3.1 -9.471 -8.364 5.9 -7.5 -79.1 36.7157108 -4.4908487 0.00 0.00 0.00 0.000 09:52:09.28
0 -14 -2.7 3.1 -11.562 -6.765 5.9 -7.5 -79.0 36.7157108 -4.4908487 0.00 0.00 0.00 0.000 09:52:09.37
0 -14 -2.7 3.1 -11.562 -7.995 5.8 -7.5 -78.9 36.7157108 -4.4908487 0.00 0.00 0.00 0.000 09:52:09.48
0 -14 -2.7 3.1 -12.177 -6.519 5.8 -7.5 -78.8 36.7157108 -4.4908487 0.00 0.00 0.00 0.000 09:52:09.58
0 -14 -2.7 3.1 -11.316 -8.733 5.8 -7.5 -78.7 36.7157108 -4.4908487 0.00 0.00 0.00 0.000 09:52:09.69
0 -14 -2.7 3.1 -11.685 -8.118 5.8 -7.6 -78.6 36.7157108 -4.4908487 0.00 0.00 0.00 0.000 09:52:09.78
0 -14 -2.7 3.1 -9.594 -7.257 5.9 -7.6 -78.5 36.7157108 -4.4908487 0.00 0.00 0.00 0.000 09:52:09.89
0 -14 -2.7 3.1 -10.947 -6.642 5.8 -7.6 -78.5 36.7157108 -4.4908487 0.00 0.00 0.00 0.000 09:52:09.98
0 -14 -2.7 3.1 -8.856 -5.412 5.8 -7.6 -78.4 36.7157108 -4.4908487 0.00 0.00 0.00 0.000 09:52:10.08
0 -14 -2.7 3.1 -10.947 -7.503 5.8 -7.6 -78.4 36.7157108 -4.4908487 0.00 0.00 0.00 0.000 09:52:10.19
0 -14 -2.7 3.1 -14.145 -8.241 5.8 -7.6 -78.3 36.7157108 -4.4908487 0.00 0.00 0.00 0.000 09:52:10.28
0 -14 -2.7 3.1 -11.316 -8.733 5.8 -7.6 -78.3 36.7157108 -4.4908487 0.00 0.00 0.00 0.000 09:52:10.39
0 -14 -2.7 3.1 -12.300 -9.471 5.8 -7.6 -78.2 36.7157108 -4.4908487 0.00 0.00 0.00 0.000 09:52:10.48
0 -14 -2.7 3.1 -9.717 -7.626 5.8 -7.7 -78.2 36.7157108 -4.4908487 0.00 0.00 0.00 0.000 09:52:10.58
0 -14 -2.7 3.1 -6.519 -7.257 5.8 -7.7 -78.2 36.7157108 -4.4908487 0.00 0.00 0.00 0.000 09:52:10.69
0 -14 -2.7 3.1 -7.380 -5.166 5.7 -7.7 -78.1 36.7157108 -4.4908487 0.00 0.00 0.00 0.000 09:52:10.78
0 -14 -2.7 3.1 -8.733 -8.364 5.8 -7.6 -78.0 36.7157108 -4.4908487 0.00 0.00 0.00 0.000 09:52:10.89
0 -14 -2.7 3.1 -8.856 -7.257 5.7 -7.7 -78.0 36.7157108 -4.4908487 0.00 0.00 0.00 0.000 09:52:10.98
0 -14 -2.7 3.1 -7.995 -8.856 5.7 -7.7 -78.0 36.7157108 -4.4908487 0.00 0.00 0.00 0.000 09:52:11.08
0 -14 -2.7 3.1 -7.872 -7.749 5.7 -7.6 -78.0 36.7157108 -4.4908487 0.00 0.00 0.00 0.000 09:52:11.19
0 -14 -3.1 3.1 -7.380 -9.840 5.7 -7.6 -78.0 36.7157108 -4.4908487 0.00 0.00 0.00 0.000 09:52:11.28
0 -14 -3.1 3.1 -10.209 -8.487 5.7 -7.7 -78.1 36.7157108 -4.4908487 0.00 0.00 0.00 0.000 09:52:11.39
0 -14 -3.1 3.1 -6.273 -6.765 5.7 -7.7 -78.2 36.7157108 -4.4908487 0.00 0.00 0.00 0.000 09:52:11.48
0 -14 -3.1 3.1 -7.380 -8.487 5.7 -7.8 -78.3 36.7157108 -4.4908487 0.00 0.00 0.00 0.000 09:52:11.58
0 -11 -3.1 3.1 -8.241 -7.503 5.7 -7.8 -78.4 36.7157108 -4.4908487 0.00 0.00 0.00 0.000 09:52:11.69
0 -4 -3.1 3.1 -8.241 -7.503 5.7 -7.7 -78.5 36.7157108 -4.4908487 0.00 0.00 0.00 0.000 09:52:11.78
0 -4 -3.1 3.1 -4.674 -4.674 5.7 -7.8 -78.5 36.7157108 -4.4908487 0.00 0.00 0.00 0.000 09:52:11.89
0 0 -3.1 3.1 -2.460 -1.230 5.7 -7.8 -78.3 36.7157108 -4.4908487 0.00 0.00 0.00 0.000 09:52:11.98
0 0 -3.1 3.1 -2.460 -1.230 5.6 -7.8 -77.6 36.7157108 -4.4908487 0.00 0.00 0.00 0.000 09:52:12.08
0 0 -3.1 3.1 -2.829 -2.091 5.5 -7.9 -76.9 36.7157108 -4.4908487 0.00 0.00 0.00 0.000 09:52:12.19
0 0 -3.1 3.1 -1.353 -0.984 5.3 -8.0 -76.1 36.7157108 -4.4908487 0.00 0.00 0.00 0.000 09:52:12.28
0 0 -3.1 3.1 -0.369 0.123 5.2 -8.1 -75.5 36.7157108 -4.4908487 0.00 0.00 0.00 0.000 09:52:12.39
0 0 -3.1 3.1 -0.738 -0.246 5.1 -8.2 -74.9 36.7157108 -4.4908487 0.00 0.00 0.00 0.000 09:52:12.48
0 0 -3.1 3.1 -1.353 0.000 5.1 -8.3 -74.2 36.7157108 -4.4908487 0.00 0.00 0.00 0.000 09:52:12.58
0 0 -3.1 3.1 -0.738 -0.861 5.0 -8.3 -73.7 36.7157108 -4.4908487 0.00 0.00 0.00 0.000 09:52:12.69
0 0 -3.1 3.1 -0.861 -0.492 4.8 -8.4 -73.1 36.7157108 -4.4908487 0.00 0.00 0.00 0.000 09:52:12.78
0 0 -3.1 3.1 0.000 -0.369 4.7 -8.5 -72.5 36.7157108 -4.4908487 0.00 0.00 0.00 0.000 09:52:12.89
0 0 -3.1 3.1 0.369 -0.123 4.6 -8.5 -71.9 36.7157108 -4.4908487 0.00 0.00 0.00 0.000 09:52:12.98
0 0 -3.1 3.1 -0.246 -0.246 4.6 -8.6 -71.4 36.7157108 -4.4908487 0.00 0.00 0.00 0.000 09:52:13.08
0 0 -3.1 3.1 0.246 -0.123 4.5 -8.7 -70.9 36.7157108 -4.4908487 0.00 0.00 0.00 0.000 09:52:13.19
0 0 -3.1 3.1 -0.123 -0.369 4.4 -8.8 -70.3 36.7157108 -4.4908487 0.00 0.00 0.00 0.000 09:52:13.28
0 0 -3.1 3.1 -0.369 -0.615 4.3 -8.8 -69.8 36.7157108 -4.4908487 0.00 0.00 0.00 0.000 09:52:13.39
0 0 -3.1 3.1 0.246 -0.492 4.2 -8.9 -69.3 36.7157108 -4.4908487 0.00 0.00 0.00 0.000 09:52:13.48
0 0 -3.1 3.1 -0.123 0.123 4.1 -8.9 -68.8 36.7157108 -4.4908487 0.00 0.00 0.00 0.000 09:52:13.59
0 0 -3.1 3.1 -0.492 -0.369 4.0 -9.0 -68.3 36.7157108 -4.4908487 0.00 0.00 0.00 0.000 09:52:13.69
0 0 -3.1 3.1 -0.861 -0.123 3.9 -9.1 -67.8 36.7157108 -4.4908487 0.00 0.00 0.00 0.000 09:52:13.78
0 0 -3.1 3.1 -0.369 -0.369 3.8 -9.1 -67.3 36.7157108 -4.4908487 0.00 0.00 0.00 0.000 09:52:13.89
0 0 -3.1 3.1 0.123 -0.615 3.7 -9.2 -66.9 36.7157108 -4.4908487 0.00 0.00 0.00 0.000 09:52:13.98
0 0 -3.1 3.1 -0.369 0.000 3.6 -9.3 -66.4 36.7157108 -4.4908487 0.00 0.00 0.00 0.000 09:52:14.09
0 0 -3.1 3.1 -0.369 -0.369 3.5 -9.3 -66.0 36.7157108 -4.4908487 0.00 0.00 0.00 0.000 09:52:14.19
0 0 -3.1 3.1 -0.615 -0.246 3.5 -9.4 -65.6 36.7157108 -4.4908487 0.00 0.00 0.00 0.000 09:52:14.28
0 0 -3.1 3.1 0.246 -0.984 3.4 -9.5 -65.1 36.7157108 -4.4908487 0.00 0.00 0.00 0.000 09:52:14.39
0 0 -3.1 3.1 0.000 0.369 3.3 -9.5 -64.7 36.7157108 -4.4908487 0.00 0.00 0.00 0.000 09:52:14.48
0 0 -3.1 3.1 -0.123 -0.123 3.2 -9.6 -64.3 36.7157108 -4.4908487 0.00 0.00 0.00 0.000 09:52:14.59
0 0 -3.1 3.1 -0.615 0.000 3.2 -9.6 -63.9 36.7157108 -4.4908487 0.00 0.00 0.00 0.000 09:52:14.69
0 0 -3.1 3.1 -0.123 0.369 3.1 -9.7 -63.5 36.7157108 -4.4908487 0.00 0.00 0.00 0.000 09:52:14.78
0 0 -3.1 3.1 -0.123 -0.246 3.0 -9.7 -63.1 36.7157108 -4.4908487 0.00 0.00 0.00 0.000 09:52:14.89
