0 0 0.0 0.0 0.492 -0.369 -6.5 -13.7 -16.8 36.7157108 -4.4908487 0.00 0.00 0.00 0.000 09:49:48.12
0 0 0.0 0.0 0.123 -0.123 -6.4 -13.7 -17.0 36.7157108 -4.4908487 0.00 0.00 0.00 0.000 09:49:48.23
0 0 0.0 0.0 -0.492 0.000 -6.4 -13.7 -17.1 36.7157108 -4.4908487 0.00 0.00 0.00 0.000 09:49:48.33
0 0 0.0 0.0 -0.123 0.000 -6.4 -13.8 -17.2 36.7157108 -4.4908487 0.00 0.00 0.00 0.000 09:49:48.44
0 0 0.0 0.0 -0.615 -0.615 -6.4 -13.8 -17.3 36.7157108 -4.4908487 0.00 0.00 0.00 0.000 09:49:48.53
0 0 0.0 0.0 -0.369 -0.615 -6.4 -13.8 -17.4 36.7157108 -4.4908487 0.00 0.00 0.00 0.000 09:49:48.64
0 0 0.0 0.0 -0.738 -0.123 -6.4 -13.8 -17.5 36.7157108 -4.4908487 0.00 0.00 0.00 0.000 09:49:48.73
0 0 0.0 0.0 -0.246 0.000 -6.3 -13.8 -17.6 36.7157108 -4.4908487 0.00 0.00 0.00 0.000 09:49:48.83
0 0 0.0 0.0 -0.246 -0.246 -6.3 -13.9 -17.7 36.7157108 -4.4908487 0.00 0.00 0.00 0.000 09:49:48.94
0 0 0.0 0.0 -0.738 -0.123 -6.3 -13.9 -17.8 36.7157108 -4.4908487 0.00 0.00 0.00 0.000 09:49:49.03
0 0 0.0 0.0 -0.246 -0.615 -6.3 -13.9 -17.9 36.7157108 -4.4908487 0.00 0.00 0.00 0.000 09:49:49.14
0 0 0.0 0.0 0.615 -0.123 -6.3 -13.9 -18.0 36.7157108 -4.4908487 0.00 0.00 0.00 0.000 09:49:49.23
0 0 0.0 0.0 -0.369 -0.615 -6.2 -13.9 -18.1 36.7157108 -4.4908487 0.00 0.00 0.00 0.000 09:49:49.34
0 0 0.0 0.0 -0.369 -0.123 -6.2 -13.9 -18.2 36.7157108 -4.4908487 0.00 0.00 0.00 0.000 09:49:49.44
0 0 0.0 0.0 -0.369 0.369 -6.2 -14.0 -18.3 36.7157108 -4.4908487 0.00 0.00 0.00 0.000 09:49:49.53
0 0 0.0 0.0 0.615 -0.123 -6.2 -14.0 -18.4 36.7157108 -4.4908487 0.00 0.00 0.00 0.000 09:49:49.64
0 0 0.0 0.0 -0.246 -0.615 -6.2 -14.0 -18.5 36.7157108 -4.4908487 0.00 0.00 0.00 0.000 09:49:49.73
0 0 0.0 0.0 -0.615 -0.861 -6.1 -14.0 -18.6 36.7157108 -4.4908487 0.00 0.00 0.00 0.000 09:49:49.84
0 0 0.0 0.0 0.123 -0.369 -6.1 -14.0 -18.6 36.7157108 -4.4908487 0.00 0.00 0.00 0.000 09:49:49.94
0 0 0.0 0.0 0.492 -0.492 -6.1 -14.1 -18.8 36.7157108 -4.4908487 0.00 0.00 0.00 0.000 09:49:50.03
0 0 0.0 0.0 -0.246 -0.369 -6.1 -14.1 -18.8 36.7157108 -4.4908487 0.00 0.00 0.00 0.000 09:49:50.14
0 0 0.0 0.0 -0.369 -0.984 -6.1 -14.1 -19.0 36.7157108 -4.4908487 0.00 0.00 0.00 0.000 09:49:50.23
0 0 0.0 0.0 -0.246 -0.123 -6.1 -14.1 -19.1 36.7157108 -4.4908487 0.00 0.00 0.00 0.000 09:49:50.34
0 0 0.0 0.0 -0.369 -0.246 -6.1 -14.1 -19.1 36.7157108 -4.4908487 0.00 0.00 0.00 0.000 09:49:50.44
0 0 0.0 0.0 -0.123 -0.492 -6.0 -14.1 -19.2 36.7157108 -4.4908487 0.00 0.00 0.00 0.000 09:49:50.54
0 0 0.0 0.0 -0.123 -0.492 -6.0 -14.1 -19.3 36.7157108 -4.4908487 0.00 0.00 0.00 0.000 09:49:50.64
0 0 0.0 0.0 0.000 -0.738 -6.0 -14.1 -19.4 36.7157108 -4.4908487 0.00 0.00 0.00 0.000 09:49:50.73
0 0 0.0 0.0 0.123 -0.123 -6.0 -14.1 -19.5 36.7157108 -4.4908487 0.00 0.00 0.00 0.000 09:49:50.84
0 0 0.0 0.0 -0.492 -0.246 -6.0 -14.2 -19.5 36.7157108 -4.4908487 0.00 0.00 0.00 0.000 09:49:50.94
0 0 0.0 0.0 -0.492 -0.738 -6.0 -14.2 -19.7 36.7157108 -4.4908487 0.00 0.00 0.00 0.000 09:49:51.04
0 0 0.0 0.0 0.000 0.246 -6.0 -14.2 -19.7 36.7157108 -4.4908487 0.00 0.00 0.00 0.000 09:49:51.14
0 0 0.0 0.0 -0.246 -0.615 -6.0 -14.2 -19.8 36.7157108 -4.4908487 0.00 0.00 0.00 0.000 09:49:51.23
0 0 0.0 0.0 0.369 0.123 -5.9 -14.2 -19.9 36.7157108 -4.4908487 0.00 0.00 0.00 0.000 09:49:51.34
0 0 0.0 0.0 -0.123 -0.369 -5.9 -14.2 -20.0 36.7157108 -4.4908487 0.00 0.00 0.00 0.000 09:49:51.44
0 0 0.0 0.0 -0.369 -0.861 -5.9 -14.2 -20.1 36.7157108 -4.4908487 0.00 0.00 0.00 0.000 09:49:51.54
0 0 0.0 0.0 0.492 -0.123 -5.9 -14.2 -20.1 36.7157108 -4.4908487 0.00 0.00 0.00 0.000 09:49:51.64
0 0 0.0 0.0 -0.369 0.123 -5.9 -14.3 -20.2 36.7157108 -4.4908487 0.00 0.00 0.00 0.000 09:49:51.75
0 0 0.0 0.0 0.369 -0.246 -5.9 -14.3 -20.3 36.7157108 -4.4908487 0.00 0.00 0.00 0.000 09:49:51.84
0 0 0.0 0.0 -0.492 -0.492 -5.9 -14.3 -20.3 36.7157108 -4.4908487 0.00 0.00 0.00 0.000 09:49:51.94
0 0 0.0 0.0 -0.123 0.000 -5.9 -14.3 -20.4 36.7157108 -4.4908487 0.00 0.00 0.00 0.000 09:49:52.04
0 0 0.0 0.0 -0.246 0.000 -5.9 -14.3 -20.5 36.7157108 -4.4908487 0.00 0.00 0.00 0.000 09:49:52.14
0 0 0.0 0.0 -0.123 -0.123 -5.9 -14.3 -20.6 36.7157108 -4.4908487 0.00 0.00 0.00 0.000 09:49:52.25
0 0 0.0 0.0 -0.369 -0.246 -5.9 -14.3 -20.7 36.7157108 -4.4908487 0.00 0.00 0.00 0.000 09:49:52.34
0 0 0.0 0.0 0.369 0.123 -5.9 -14.3 -20.7 36.7157108 -4.4908487 0.00 0.00 0.00 0.000 09:49:52.44
0 0 0.0 0.0 0.000 -0.123 -5.8 -14.4 -20.8 36.7157108 -4.4908487 0.00 0.00 0.00 0.000 09:49:52.54
0 0 0.0 0.0 -0.123 -0.123 -5.8 -14.4 -20.9 36.7157108 -4.4908487 0.00 0.00 0.00 0.000 09:49:52.64
0 0 0.0 0.0 -0.123 -0.369 -5.8 -14.4 -20.9 36.7157108 -4.4908487 0.00 0.00 0.00 0.000 09:49:52.75
0 0 0.0 0.0 -0.123 -0.246 -5.8 -14.4 -21.0 36.7157108 -4.4908487 0.00 0.00 0.00 0.000 09:49:52.84
0 0 0.0 0.0 -0.123 -0.123 -5.8 -14.4 -21.0 36.7157108 -4.4908487 0.00 0.00 0.00 0.000 09:49:52.94
0 0 0.0 0.0 0.369 0.123 -5.8 -14.4 -21.1 36.7157108 -4.4908487 0.00 0.00 0.00 0.000 09:49:53.04
0 0 0.0 0.0 -0.246 -0.123 -5.8 -14.4 -21.2 36.7157108 -4.4908487 0.00 0.00 0.00 0.000 09:49:53.14
0 0 0.0 0.0 0.246 -0.246 -5.8 -14.4 -21.2 36.7157108 -4.4908487 0.00 0.00 0.00 0.000 09:49:53.25
0 0 0.0 0.0 0.369 -0.738 -5.8 -14.4 -21.3 36.7157108 -4.4908487 0.00 0.00 0.00 0.000 09:49:53.34
0 0 0.0 0.0 0.123 0.123 -5.8 -14.4 -21.4 36.7157108 -4.4908487 0.00 0.00 0.00 0.000 09:49:53.45
0 0 0.0 0.0 0.000 -0.738 -5.7 -14.5 -21.5 36.7157108 -4.4908487 0.00 0.00 0.00 0.000 09:49:53.54
0 0 0.0 0.0 0.000 0.246 -5.7 -14.5 -21.5 36.7157108 -4.4908487 0.00 0.00 0.00 0.000 09:49:53.64
0 0 0.0 0.0 -0.123 -0.246 -5.7 -14.5 -21.6 36.7157108 -4.4908487 0.00 0.00 0.00 0.000 09:49:53.75
0 0 0.0 0.0 0.123 -0.123 -5.7 -14.5 -21.7 36.7157108 -4.4908487 0.00 0.00 0.00 0.000 09:49:53.84
0 0 0.0 0.0 -0.615 -0.369 -5.7 -14.5 -21.7 36.7157108 -4.4908487 0.00 0.00 0.00 0.000 09:49:53.95
0 0 0.0 0.0 0.000 -0.123 -5.7 -14.5 -21.8 36.7157108 -4.4908487 0.00 0.00 0.00 0.000 09:49:54.04
0 0 0.0 0.0 -0.369 -0.369 -5.7 -14.5 -21.9 36.7157108 -4.4908487 0.00 0.00 0.00 0.000 09:49:54.14
0 0 0.0 0.0 -0.246 -0.615 -5.7 -14.5 -21.9 36.7157108 -4.4908487 0.00 0.00 0.00 0.000 09:49:54.25
0 0 0.0 0.0 -0.123 0.123 -5.7 -14.5 -22.0 36.7157108 -4.4908487 0.00 0.00 0.00 0.000 09:49:54.34
0 0 0.0 0.0 0.000 -0.615 -5.7 -14.6 -22.1 36.7157108 -4.4908487 0.00 0.00 0.00 0.000 09:49:54.45
0 0 0.0 0.0 -0.246 -0.369 -5.7 -14.6 -22.1 36.7157108 -4.4908487 0.00 0.00 0.00 0.000 09:49:54.54
0 0 0.0 0.0 -0.369 -0.492 -5.6 -14.6 -22.2 36.7157108 -4.4908487 0.00 0.00 0.00 0.000 09:49:54.65
0 0 0.0 0.0 0.369 -0.861 -5.6 -14.6 -22.3 36.7157108 -4.4908487 0.00 0.00 0.00 0.000 09:49:54.75
0 0 0.0 0.0 0.246 -0.123 -5.6 -14.6 -22.3 36.7157108 -4.4908487 0.00 0.00 0.00 0.000 09:49:54.84
0 0 0.0 0.0 -0.861 -0.492 -5.6 -14.6 -22.4 36.7157108 -4.4908487 0.00 0.00 0.00 0.000 09:49:54.95
0 0 0.0 0.0 0.000 -1.107 -5.6 -14.6 -22.5 36.7157108 -4.4908487 0.00 0.00 0.00 0.000 09:49:55.04
0 0 0.0 0.0 -0.123 -0.369 -5.6 -14.7 -22.5 36.7157108 -4.4908487 0.00 0.00 0.00 0.000 09:49:55.15
0 0 0.0 0.0 0.123 -0.123 -5.6 -14.7 -22.6 36.7157108 -4.4908487 0.00 0.00 0.00 0.000 09:49:55.25
0 0 0.0 0.0 -0.123 0.123 -5.6 -14.7 -22.6 36.7157108 -4.4908487 0.00 0.00 0.00 0.000 09:49:55.36
0 0 0.0 0.0 0.000 -0.369 -5.6 -14.7 -22.7 36.7157108 -4.4908487 0.00 0.00 0.00 0.000 09:49:55.45
0 0 0.0 0.0 0.123 0.000 -5.6 -14.7 -22.7 36.7157108 -4.4908487 0.00 0.00 0.00 0.000 09:49:55.54
0 0 0.0 0.0 0.123 -0.123 -5.5 -14.7 -22.8 36.7157108 -4.4908487 0.00 0.00 0.00 0.000 09:49:55.65
0 0 0.0 0.0 -0.492 -0.123 -5.5 -14.7 -22.8 36.7157108 -4.4908487 0.00 0.00 0.00 0.000 09:49:55.75
0 0 0.0 0.0 -0.492 -0.246 -5.5 -14.7 -22.9 36.7157108 -4.4908487 0.00 0.00 0.00 0.000 09:49:55.86
0 0 0.0 0.0 -0.369 -0.246 -5.5 -14.7 -22.9 36.7157108 -4.4908487 0.00 0.00 0.00 0.000 09:49:55.95
0 0 0.0 0.0 0.000 -0.615 -5.5 -14.7 -23.0 36.7157108 -4.4908487 0.00 0.00 0.00 0.000 09:49:56.04
0 0 0.0 0.0 0.000 0.123 -5.5 -14.8 -23.0 36.7157108 -4.4908487 0.00 0.00 0.00 0.000 09:49:56.15
0 0 0.0 0.0 -0.246 -0.492 -5.5 -14.8 -23.1 36.7157108 -4.4908487 0.00 0.00 0.00 0.000 09:49:56.25
0 0 0.0 0.0 -0.369 -0.615 -5.5 -14.8 -23.1 36.7157108 -4.4908487 0.00 0.00 0.00 0.000 09:49:56.36
0 0 0.0 0.0 -0.369 0.123 -5.5 -14.8 -23.2 36.7157108 -4.4908487 0.00 0.00 0.00 0.000 09:49:56.45
0 0 0.0 0.0 0.246 -0.369 -5.5 -14.8 -23.2 36.7157108 -4.4908487 0.00 0.00 0.00 0.000 09:49:56.56
0 0 0.0 0.0 0.000 0.123 -5.4 -14.8 -23.3 36.7157108 -4.4908487 0.00 0.00 0.00 0.000 09:49:56.65
0 0 0.0 0.0 -0.369 0.000 -5.4 -14.8 -23.3 36.7157108 -4.4908487 0.00 0.00 0.00 0.000 09:49:56.76
0 0 0.0 0.0 0.123 0.369 -5.4 -14.8 -23.4 36.7157108 -4.4908487 0.00 0.00 0.00 0.000 09:49:56.86
0 0 0.0 0.0 -0.123 -0.369 -5.4 -14.8 -23.4 36.7157108 -4.4908487 0.00 0.00 0.00 0.000 09:49:56.95
0 0 0.0 0.0 -0.123 0.000 -5.4 -14.8 -23.5 36.7157108 -4.4908487 0.00 0.00 0.00 0.000 09:49:57.06
0 0 0.0 0.0 -0.369 0.000 -5.4 -14.9 -23.5 36.7157108 -4.4908487 0.00 0.00 0.00 0.000 09:49:57.15
0 0 0.0 0.0 -0.615 -0.123 -5.4 -14.8 -23.6 36.7157108 -4.4908487 0.00 0.00 0.00 0.000 09:49:57.26
0 0 0.0 0.0 -0.615 -0.984 -5.4 -14.9 -23.6 36.7157108 -4.4908487 0.00 0.00 0.00 0.000 09:49:57.36
0 0 0.0 0.0 0.369 -0.492 -5.4 -14.9 -23.7 36.7157108 -4.4908487 0.00 0.00 0.00 0.000 09:49:57.47
0 0 0.0 0.0 -0.738 -0.123 -5.4 -14.9 -23.7 36.7157108 -4.4908487 0.00 0.00 0.00 0.000 09:49:57.56
0 0 0.0 0.0 -0.246 -0.246 -5.4 -14.9 -23.7 36.7157108 -4.4908487 0.00 0.00 0.00 0.000 09:49:57.67
0 0 0.0 0.0 0.246 0.000 -5.4 -14.9 -23.8 36.7157108 -4.4908487 0.00 0.00 0.00 0.000 09:49:57.76
0 0 0.0 0.0 -0.492 -0.861 -5.3 -14.9 -23.8 36.7157108 -4.4908487 0.00 0.00 0.00 0.000 09:49:57.86
0 0 0.0 0.0 0.123 -0.615 -5.3 -14.9 -23.9 36.7157108 -4.4908487 0.00 0.00 0.00 0.000 09:49:57.97
0 0 0.0 0.0 0.123 -0.246 -5.4 -14.9 -23.9 36.7157108 -4.4908487 0.00 0.00 0.00 0.000 09:49:58.06
0 0 0.0 0.0 0.123 -0.369 -5.4 -14.9 -23.9 36.7157108 -4.4908487 0.00 0.00 0.00 0.000 09:49:58.17
0 0 0.0 0.0 -0.246 -0.369 -5.4 -14.9 -24.0 36.7157108 -4.4908487 0.00 0.00 0.00 0.000 09:49:58.26
0 0 0.0 0.0 0.123 -0.246 -5.4 -14.9 -24.0 36.7157108 -4.4908487 0.00 0.00 0.00 0.000 09:49:58.37
0 0 0.0 0.0 -0.246 -0.492 -5.3 -14.9 -24.0 36.7157108 -4.4908487 0.00 0.00 0.00 0.000 09:49:58.47
0 0 0.0 0.0 -0.369 0.492 -5.3 -14.9 -24.1 36.7157108 -4.4908487 0.00 0.00 0.00 0.000 09:49:58.58
0 0 0.0 0.0 0.000 -0.246 -5.3 -14.9 -24.1 36.7157108 -4.4908487 0.00 0.00 0.00 0.000 09:49:58.67
0 0 0.0 0.0 -0.123 -0.984 -5.3 -14.9 -24.2 36.7157108 -4.4908487 0.00 0.00 0.00 0.000 09:49:58.78
0 0 0.0 0.0 0.123 -0.246 -5.3 -14.9 -24.2 36.7157108 -4.4908487 0.00 0.00 0.00 0.000 09:49:58.87
0 0 0.0 0.0 -0.246 -0.369 -5.3 -14.9 -24.3 36.7157108 -4.4908487 0.00 0.00 0.00 0.000 09:49:58.97
0 0 0.0 0.0 -0.246 -0.369 -5.3 -14.9 -24.3 36.7157108 -4.4908487 0.00 0.00 0.00 0.000 09:49:59.08
0 0 0.0 0.0 -0.492 0.000 -5.3 -14.9 -24.4 36.7157108 -4.4908487 0.00 0.00 0.00 0.000 09:49:59.17
0 0 0.0 0.0 0.246 -0.615 -5.3 -14.9 -24.4 36.7157108 -4.4908487 0.00 0.00 0.00 0.000 09:49:59.28
0 0 0.0 0.0 -0.492 -0.369 -5.2 -14.9 -24.5 36.7157108 -4.4908487 0.00 0.00 0.00 0.000 09:49:59.37
0 0 0.0 0.0 0.000 -0.123 -5.2 -14.9 -24.5 36.7157108 -4.4908487 0.00 0.00 0.00 0.000 09:49:59.48
0 0 0.0 0.0 -0.369 -0.615 -5.2 -14.9 -24.6 36.7157108 -4.4908487 0.00 0.00 0.00 0.000 09:49:59.58
0 0 0.0 0.0 0.000 -0.615 -5.2 -14.9 -24.6 36.7157108 -4.4908487 0.00 0.00 0.00 0.000 09:49:59.67
0 0 0.0 0.0 -0.246 -0.369 -5.2 -14.9 -24.6 36.7157108 -4.4908487 0.00 0.00 0.00 0.000 09:49:59.78
0 0 0.0 0.0 -0.123 -0.123 -5.2 -14.9 -24.7 36.7157108 -4.4908487 0.00 0.00 0.00 0.000 09:49:59.87
0 0 0.0 0.0 -0.738 -0.615 -5.2 -15.0 -24.7 36.7157108 -4.4908487 0.00 0.00 0.00 0.000 09:49:59.98
0 0 0.0 0.0 0.369 -0.492 -5.2 -15.0 -24.7 36.7157108 -4.4908487 0.00 0.00 0.00 0.000 09:50:00.08
0 0 0.0 0.0 -0.246 -0.123 -5.2 -15.0 -24.8 36.7157108 -4.4908487 0.00 0.00 0.00 0.000 09:50:00.19
0 0 0.0 0.0 -1.107 -0.246 -5.2 -15.0 -24.8 36.7157108 -4.4908487 0.00 0.00 0.00 0.000 09:50:00.28
0 0 0.0 0.0 -0.369 0.123 -5.2 -15.0 -24.9 36.7157108 -4.4908487 0.00 0.00 0.00 0.000 09:50:00.39
0 0 0.0 0.0 0.000 -0.369 -5.2 -15.0 -24.9 36.7157108 -4.4908487 0.00 0.00 0.00 0.000 09:50:00.48
0 0 0.0 0.0 -0.246 -0.246 -5.2 -15.0 -24.9 36.7157108 -4.4908487 0.00 0.00 0.00 0.000 09:50:00.58
0 0 0.0 0.0 -0.369 0.000 -5.2 -15.0 -25.0 36.7157108 -4.4908487 0.00 0.00 0.00 0.000 09:50:00.69
0 0 0.0 0.0 -0.492 -0.492 -5.2 -15.0 -25.0 36.7157108 -4.4908487 0.00 0.00 0.00 0.000 09:50:00.78
0 0 0.0 0.0 -0.369 -0.492 -5.2 -15.0 -25.0 36.7157108 -4.4908487 0.00 0.00 0.00 0.000 09:50:00.89
0 0 0.0 0.0 0.123 -0.615 -5.2 -15.0 -25.1 36.7157108 -4.4908487 0.00 0.00 0.00 0.000 09:50:00.98
0 0 0.0 0.0 0.123 0.000 -5.2 -15.0 -25.1 36.7157108 -4.4908487 0.00 0.00 0.00 0.000 09:50:01.08
0 0 0.0 0.0 0.123 -0.369 -5.2 -15.0 -25.1 36.7157108 -4.4908487 0.00 0.00 0.00 0.000 09:50:01.19
0 0 0.0 0.0 -0.123 -0.246 -5.2 -15.0 -25.2 36.7157108 -4.4908487 0.00 0.00 0.00 0.000 09:50:01.28
0 0 0.0 0.0 -0.615 -0.615 -5.2 -15.0 -25.2 36.7157108 -4.4908487 0.00 0.00 0.00 0.000 09:50:01.39
0 0 0.0 0.0 0.000 0.123 -5.2 -15.0 -25.2 36.7157108 -4.4908487 0.00 0.00 0.00 0.000 09:50:01.48
0 0 0.0 0.0 -0.246 -0.615 -5.2 -15.0 -25.3 36.7157108 -4.4908487 0.00 0.00 0.00 0.000 09:50:01.59
0 0 0.0 0.0 0.000 -0.492 -5.2 -15.0 -25.3 36.7157108 -4.4908487 0.00 0.00 0.00 0.000 09:50:01.69
0 0 0.0 0.0 0.246 -0.246 -5.2 -15.0 -25.3 36.7157108 -4.4908487 0.00 0.00 0.00 0.000 09:50:01.78
0 0 0.0 0.0 -0.369 0.000 -5.2 -15.0 -25.4 36.7157108 -4.4908487 0.00 0.00 0.00 0.000 09:50:01.89
0 0 0.0 0.0 0.369 -0.246 -5.2 -15.0 -25.4 36.7157108 -4.4908487 0.00 0.00 0.00 0.000 09:50:01.98
0 0 0.0 0.0 -0.492 -0.861 -5.1 -15.0 -25.4 36.7157108 -4.4908487 0.00 0.00 0.00 0.000 09:50:02.09
0 0 0.0 0.0 0.246 -0.246 -5.1 -15.0 -25.4 36.7157108 -4.4908487 0.00 0.00 0.00 0.000 09:50:02.19
0 0 0.0 0.0 -0.492 0.123 -5.1 -15.1 -25.5 36.7157108 -4.4908487 0.00 0.00 0.00 0.000 09:50:02.28
0 0 0.0 0.0 -0.492 -0.738 -5.1 -15.1 -25.5 36.7157108 -4.4908487 0.00 0.00 0.00 0.000 09:50:02.39
0 0 0.0 0.0 0.000 0.369 -5.1 -15.1 -25.5 36.7157108 -4.4908487 0.00 0.00 0.00 0.000 09:50:02.48
0 0 0.0 0.0 -0.738 -0.615 -5.1 -15.1 -25.6 36.7157108 -4.4908487 0.00 0.00 0.00 0.000 09:50:02.59
0 0 0.0 0.0 -0.492 -0.123 -5.1 -15.1 -25.6 36.7157108 -4.4908487 0.00 0.00 0.00 0.000 09:50:02.69
0 0 0.0 0.0 0.123 0.123 -5.1 -15.1 -25.6 36.7157108 -4.4908487 0.00 0.00 0.00 0.000 09:50:02.79
0 0 0.0 0.0 0.123 0.123 -5.1 -15.1 -25.6 36.7157108 -4.4908487 0.00 0.00 0.00 0.000 09:50:02.89
0 0 0.0 0.0 0.123 -0.861 -5.1 -15.1 -25.7 36.7157108 -4.4908487 0.00 0.00 0.00 0.000 09:50:02.98
0 0 0.0 0.0 -0.123 0.246 -5.1 -15.1 -25.7 36.7157108 -4.4908487 0.00 0.00 0.00 0.000 09:50:03.09
0 0 0.0 0.0 0.123 -0.123 -5.1 -15.1 -25.8 36.7157108 -4.4908487 0.00 0.00 0.00 0.000 09:50:03.19
0 0 0.0 0.0 -0.246 0.000 -5.1 -15.1 -25.8 36.7157108 -4.4908487 0.00 0.00 0.00 0.000 09:50:03.29
0 0 0.0 0.0 -0.738 0.000 -5.1 -15.1 -25.8 36.7157108 -4.4908487 0.00 0.00 0.00 0.000 09:50:03.39
0 0 0.0 0.0 -0.123 0.369 -5.1 -15.1 -25.8 36.7157108 -4.4908487 0.00 0.00 0.00 0.000 09:50:03.48
0 0 0.0 0.0 -0.492 -0.246 -5.1 -15.1 -25.8 36.7157108 -4.4908487 0.00 0.00 0.00 0.000 09:50:03.59
0 0 0.0 0.0 -1.107 -0.615 -5.1 -15.2 -25.9 36.7157108 -4.4908487 0.00 0.00 0.00 0.000 09:50:03.69
0 0 0.0 0.0 0.246 0.123 -5.0 -15.2 -25.9 36.7157108 -4.4908487 0.00 0.00 0.00 0.000 09:50:03.79
0 0 0.0 0.0 -0.369 -0.246 -5.1 -15.2 -25.9 36.7157108 -4.4908487 0.00 0.00 0.00 0.000 09:50:03.89
0 0 0.0 0.0 -0.246 -0.246 -5.0 -15.2 -26.0 36.7157108 -4.4908487 0.00 0.00 0.00 0.000 09:50:04.00
0 0 0.0 0.0 0.369 0.000 -5.0 -15.2 -26.0 36.7157108 -4.4908487 0.00 0.00 0.00 0.000 09:50:04.09
0 0 0.0 0.0 0.246 -0.492 -5.0 -15.2 -26.0 36.7157108 -4.4908487 0.00 0.00 0.00 0.000 09:50:04.19
0 0 0.0 0.0 -0.492 0.000 -5.0 -15.2 -26.0 36.7157108 -4.4908487 0.00 0.00 0.00 0.000 09:50:04.29
0 0 0.0 0.0 -0.615 -0.615 -5.0 -15.2 -26.1 36.7157108 -4.4908487 0.00 0.00 0.00 0.000 09:50:04.39
0 0 0.0 0.0 -0.123 -0.246 -5.0 -15.2 -26.1 36.7157108 -4.4908487 0.00 0.00 0.00 0.000 09:50:04.50
0 0 0.0 0.0 0.123 -0.492 -5.0 -15.2 -26.1 36.7157108 -4.4908487 0.00 0.00 0.00 0.000 09:50:04.59
0 0 0.0 0.0 0.738 -0.123 -5.0 -15.2 -26.1 36.7157108 -4.4908487 0.00 0.00 0.00 0.000 09:50:04.70
0 0 0.0 0.0 0.000 -0.246 -5.0 -15.2 -26.1 36.7157108 -4.4908487 0.00 0.00 0.00 0.000 09:50:04.79
0 0 0.0 0.0 0.369 0.246 -5.0 -15.2 -26.2 36.7157108 -4.4908487 0.00 0.00 0.00 0.000 09:50:04.89
0 0 0.0 0.0 0.492 0.000 -5.0 -15.2 -26.2 36.7157108 -4.4908487 0.00 0.00 0.00 0.000 09:50:05.00
0 0 0.0 0.0 0.000 0.000 -5.0 -15.2 -26.2 36.7157108 -4.4908487 0.00 0.00 0.00 0.000 09:50:05.09
0 1 0.0 0.0 -0.369 -0.738 -5.0 -15.2 -26.2 36.7157108 -4.4908487 0.00 0.00 0.00 0.000 09:50:05.20
0 1 0.0 0.0 -0.246 -0.369 -5.0 -15.2 -26.3 36.7157108 -4.4908487 0.00 0.00 0.00 0.000 09:50:05.29
0 2 0.0 0.0 2.952 4.182 -5.0 -15.2 -26.3 36.7157108 -4.4908487 0.00 0.00 0.00 0.000 09:50:05.39
0 4 0.0 0.0 3.444 5.904 -5.0 -15.2 -26.3 36.7157108 -4.4908487 0.00 0.00 0.00 0.000 09:50:05.50
0 4 0.0 0.0 5.043 6.273 -5.0 -15.2 -26.2 36.7157108 -4.4908487 0.00 0.00 0.00 0.000 09:50:05.59
0 5 0.0 0.0 6.642 5.166 -5.0 -15.2 -26.1 36.7157108 -4.4908487 0.00 0.00 0.00 0.000 09:50:05.70
0 10 0.0 0.0 8.364 9.102 -5.1 -15.2 -26.0 36.7157108 -4.4908487 0.00 0.00 0.00 0.000 09:50:05.79
0 10 0.0 0.0 7.995 8.856 -5.1 -15.2 -25.7 36.7157108 -4.4908487 0.00 0.00 0.00 0.000 09:50:05.90
0 10 0.0 0.0 8.118 8.364 -5.2 -15.1 -25.2 36.7157108 -4.4908487 0.00 0.00 0.00 0.000 09:50:06.00
0 10 0.0 0.0 7.749 9.225 -5.3 -15.1 -24.8 36.7157108 -4.4908487 0.00 0.00 0.00 0.000 09:50:06.09
0 10 0.0 0.0 10.701 5.658 -5.5 -15.0 -24.3 36.7157108 -4.4908487 0.00 0.00 0.00 0.000 09:50:06.20
0 10 1.9 -1.9 8.733 9.225 -5.6 -15.0 -23.9 36.7157108 -4.4908487 0.00 0.00 0.00 0.000 09:50:06.29
0 10 1.9 -1.9 7.995 7.257 -5.7 -14.9 -23.4 36.7157108 -4.4908487 0.00 0.00 0.00 0.000 09:50:06.40
0 10 1.9 -1.9 7.134 8.733 -5.8 -14.9 -22.9 36.7157108 -4.4908487 0.00 0.00 0.00 0.000 09:50:06.50
0 10 1.9 -1.9 8.487 5.781 -5.9 -14.8 -22.4 36.7157108 -4.4908487 0.00 0.00 0.00 0.000 09:50:06.59
0 10 1.9 -1.9 11.439 6.888 -6.0 -14.8 -21.9 36.7157108 -4.4908487 0.00 0.00 0.00 0.000 09:50:06.70
0 10 1.9 -1.9 8.241 9.471 -6.1 -14.7 -21.5 36.7157108 -4.4908487 0.00 0.00 0.00 0.000 09:50:06.79
0 10 1.9 -1.9 7.626 7.995 -6.3 -14.7 -21.0 36.7157108 -4.4908487 0.00 0.00 0.00 0.000 09:50:06.90
0 10 1.9 -1.9 7.995 6.519 -6.4 -14.6 -20.6 36.7157108 -4.4908487 0.00 0.00 0.00 0.000 09:50:07.00
0 10 1.9 -1.9 12.915 5.535 -6.5 -14.6 -20.1 36.7157108 -4.4908487 0.00 0.00 0.00 0.000 09:50:07.11
0 10 1.9 -1.9 8.610 10.086 -6.6 -14.6 -19.7 36.7157108 -4.4908487 0.00 0.00 0.00 0.000 09:50:07.20
0 10 1.9 -1.9 9.594 5.781 -6.7 -14.5 -19.2 36.7157108 -4.4908487 0.00 0.00 0.00 0.000 09:50:07.29
0 10 1.9 -1.9 7.749 9.594 -6.7 -14.4 -18.8 36.7157108 -4.4908487 0.00 0.00 0.00 0.000 09:50:07.40
0 10 1.9 -1.9 10.086 8.118 -6.8 -14.4 -18.5 36.7157108 -4.4908487 0.00 0.00 0.00 0.000 09:50:07.50
0 10 1.9 -1.9 8.487 7.503 -6.9 -14.3 -17.9 36.7157108 -4.4908487 0.00 0.00 0.00 0.000 09:50:07.61
0 10 1.9 -1.9 9.717 6.150 -7.0 -14.3 -17.7 36.7157108 -4.4908487 0.00 0.00 0.00 0.000 09:50:07.70
0 10 1.9 -1.9 9.594 9.594 -7.1 -14.2 -17.3 36.7157108 -4.4908487 0.00 0.00 0.00 0.000 09:50:07.79
0 10 1.9 -1.9 8.241 10.455 -7.2 -14.2 -16.8 36.7157108 -4.4908487 0.00 0.00 0.00 0.000 09:50:07.90
0 10 1.9 -1.9 10.455 8.856 -7.3 -14.1 -16.4 36.7157108 -4.4908487 0.00 0.00 0.00 0.000 09:50:08.00
0 10 1.9 -1.9 10.701 5.166 -7.4 -14.0 -16.0 36.7157108 -4.4908487 0.00 0.00 0.00 0.000 09:50:08.11
0 10 1.9 -1.9 9.348 7.626 -7.5 -13.9 -15.6 36.7157108 -4.4908487 0.00 0.00 0.00 0.000 09:50:08.20
0 10 1.9 -1.9 10.209 9.348 -7.6 -13.9 -15.2 36.7157108 -4.4908487 0.00 0.00 0.00 0.000 09:50:08.29
0 10 1.9 -1.9 9.225 8.733 -7.7 -13.8 -14.7 36.7157108 -4.4908487 0.00 0.00 0.00 0.000 09:50:08.40
0 10 1.9 -1.9 9.963 8.979 -7.7 -13.8 -14.3 36.7157108 -4.4908487 0.00 0.00 0.00 0.000 09:50:08.50
0 10 1.9 -1.9 6.519 7.626 -7.8 -13.7 -13.9 36.7157108 -4.4908487 0.00 0.00 0.00 0.000 09:50:08.61
0 10 1.9 -1.9 9.471 7.011 -7.9 -13.6 -13.5 36.7157108 -4.4908487 0.00 0.00 0.00 0.000 09:50:08.70
0 10 1.9 -1.9 11.193 9.840 -8.0 -13.6 -13.1 36.7157108 -4.4908487 0.00 0.00 0.00 0.000 09:50:08.81
0 10 1.9 -1.9 7.872 10.209 -8.0 -13.5 -12.7 36.7157108 -4.4908487 0.00 0.00 0.00 0.000 09:50:08.90
0 10 1.9 -1.9 8.241 9.471 -8.1 -13.5 -12.3 36.7157108 -4.4908487 0.00 0.00 0.00 0.000 09:50:09.00
0 10 1.9 -1.9 10.947 7.872 -8.2 -13.4 -11.9 36.7157108 -4.4908487 0.00 0.00 0.00 0.000 09:50:09.11
0 10 1.9 -1.9 11.193 5.781 -8.3 -13.3 -11.5 36.7157108 -4.4908487 0.00 0.00 0.00 0.000 09:50:09.20
0 10 1.9 -1.9 8.487 8.487 -8.4 -13.2 -11.1 36.7157108 -4.4908487 0.00 0.00 0.00 0.000 09:50:09.31
0 10 1.9 -1.9 7.380 7.134 -8.4 -13.2 -10.7 36.7157108 -4.4908487 0.00 0.00 0.00 0.000 09:50:09.40
0 10 1.9 -1.9 13.284 7.257 -8.5 -13.1 -10.3 36.7157108 -4.4908487 0.00 0.00 0.00 0.000 09:50:09.51
0 10 1.9 -1.9 10.086 8.856 -8.6 -13.0 -9.9 36.7157108 -4.4908487 0.00 0.00 0.00 0.000 09:50:09.61
0 10 1.9 -1.9 11.316 8.856 -8.6 -13.0 -9.6 36.7157108 -4.4908487 0.00 0.00 0.00 0.000 09:50:09.72
0 10 1.9 -1.9 12.546 4.920 -8.7 -12.9 -9.2 36.7157108 -4.4908487 0.00 0.00 0.00 0.000 09:50:09.81
0 10 1.9 -1.9 9.471 4.428 -8.8 -12.9 -8.7 36.7157108 -4.4908487 0.00 0.00 0.00 0.000 09:50:09.90
0 10 1.9 -1.9 10.332 7.749 -8.8 -12.8 -8.4 36.7157108 -4.4908487 0.00 0.00 0.00 0.000 09:50:10.01
0 10 1.9 -1.9 10.209 9.102 -8.9 -12.8 -8.0 36.7157108 -4.4908487 0.00 0.00 0.00 0.000 09:50:10.11
0 10 1.9 -1.9 12.546 6.150 -9.0 -12.7 -7.6 36.7157108 -4.4908487 0.00 0.00 0.00 0.000 09:50:10.22
0 10 1.9 -1.9 10.824 10.701 -9.0 -12.6 -7.2 36.7157108 -4.4908487 0.00 0.00 0.00 0.000 09:50:10.31
0 10 1.9 -1.9 9.471 4.920 -9.1 -12.5 -6.8 36.7157108 -4.4908487 0.00 0.00 0.00 0.000 09:50:10.42
0 10 1.9 -1.9 9.963 8.364 -9.1 -12.5 -6.5 36.7157108 -4.4908487 0.00 0.00 0.00 0.000 09:50:10.51
0 10 1.9 -1.9 10.086 7.380 -9.2 -12.4 -6.1 36.7157108 -4.4908487 0.00 0.00 0.00 0.000 09:50:10.62
0 10 1.9 -1.9 10.578 8.856 -9.3 -12.3 -5.7 36.7157108 -4.4908487 0.00 0.00 0.00 0.000 09:50:10.72
0 10 1.9 -1.9 9.840 7.257 -9.3 -12.3 -5.4 36.7157108 -4.4908487 0.00 0.00 0.00 0.000 09:50:10.83
0 10 1.9 -1.9 10.824 5.904 -9.4 -12.2 -5.0 36.7157108 -4.4908487 0.00 0.00 0.00 0.000 09:50:10.92
0 10 1.9 -1.9 11.316 6.273 -9.5 -12.2 -4.7 36.7157108 -4.4908487 0.00 0.00 0.00 0.000 09:50:11.03
0 10 1.9 -1.9 8.118 6.396 -9.5 -12.1 -4.3 36.7157108 -4.4908487 0.00 0.00 0.00 0.000 09:50:11.12
0 10 1.9 -1.9 11.562 5.535 -9.5 -12.1 -4.0 36.7157108 -4.4908487 0.00 0.00 0.00 0.000 09:50:11.22
0 10 1.9 -2.3 10.947 8.856 -9.6 -12.0 -3.6 36.7157108 -4.4908487 0.00 0.00 0.00 0.000 09:50:11.33
0 10 1.9 -2.3 12.177 6.888 -9.6 -12.0 -3.3 36.7157108 -4.4908487 0.00 0.00 0.00 0.000 09:50:11.42
0 10 1.9 -2.3 12.915 5.166 -9.7 -11.9 -3.0 36.7157108 -4.4908487 0.00 0.00 0.00 0.000 09:50:11.53
0 10 1.9 -2.3 11.316 7.749 -9.7 -11.9 -2.6 36.7157108 -4.4908487 0.00 0.00 0.00 0.000 09:50:11.62
0 10 1.9 -2.3 11.562 9.471 -9.8 -11.8 -2.3 36.7157108 -4.4908487 0.00 0.00 0.00 0.000 09:50:11.73
0 10 1.9 -2.3 10.209 7.134 -9.8 -11.7 -2.0 36.7157108 -4.4908487 0.00 0.00 0.00 0.000 09:50:11.83
0 10 1.9 -2.3 13.653 3.813 -9.9 -11.7 -1.7 36.7157108 -4.4908487 0.00 0.00 0.00 0.000 09:50:11.92
0 10 1.9 -2.3 13.038 6.396 -9.9 -11.6 -1.3 36.7157108 -4.4908487 0.00 0.00 0.00 0.000 09:50:12.03
0 10 1.9 -2.3 13.038 7.257 -10.0 -11.5 -1.0 36.7157108 -4.4908487 0.00 0.00 0.00 0.000 09:50:12.12
0 10 1.9 -2.3 11.316 7.011 -10.0 -11.5 -0.7 36.7157108 -4.4908487 0.00 0.00 0.00 0.000 09:50:12.23
0 10 1.9 -2.3 10.086 5.412 -10.1 -11.4 -0.4 36.7157108 -4.4908487 0.00 0.00 0.00 0.000 09:50:12.33
0 10 1.9 -2.3 10.086 5.904 -10.2 -11.4 -0.0 36.7157108 -4.4908487 0.00 0.00 0.00 0.000 09:50:12.42
0 10 1.9 -2.3 10.824 9.594 -10.2 -11.3 0.3 36.7157108 -4.4908487 0.00 0.00 0.00 0.000 09:50:12.53
0 10 1.9 -2.3 8.610 8.610 -10.3 -11.3 0.6 36.7157108 -4.4908487 0.00 0.00 0.00 0.000 09:50:12.62
0 10 1.9 -2.3 14.022 6.519 -10.3 -11.2 1.0 36.7157108 -4.4908487 0.00 0.00 0.00 0.000 09:50:12.73
0 10 1.9 -2.3 13.407 7.134 -10.3 -11.2 1.3 36.7157108 -4.4908487 0.00 0.00 0.00 0.000 09:50:12.83
0 10 1.9 -2.3 10.947 8.610 -10.4 -11.2 1.6 36.7157108 -4.4908487 0.00 0.00 0.00 0.000 09:50:12.92
0 10 1.9 -2.3 11.562 10.455 -10.4 -11.1 1.9 36.7157108 -4.4908487 0.00 0.00 0.00 0.000 09:50:13.03
0 10 1.9 -2.3 15.498 7.995 -10.5 -11.0 2.2 36.7157108 -4.4908487 0.00 0.00 0.00 0.000 09:50:13.12
0 10 1.9 -2.3 13.653 7.995 -10.5 -11.0 2.5 36.7157108 -4.4908487 0.00 0.00 0.00 0.000 09:50:13.23
0 10 1.9 -2.3 12.915 6.642 -10.5 -10.9 2.8 36.7157108 -4.4908487 0.00 0.00 0.00 0.000 09:50:13.33
0 10 1.9 -2.3 11.808 8.733 -10.6 -10.9 3.2 36.7157108 -4.4908487 0.00 0.00 0.00 0.000 09:50:13.44
0 10 1.9 -2.3 12.546 9.717 -10.6 -10.8 3.5 36.7157108 -4.4908487 0.00 0.00 0.00 0.000 09:50:13.53
0 10 1.9 -2.3 13.161 7.380 -10.7 -10.8 3.8 36.7157108 -4.4908487 0.00 0.00 0.00 0.000 09:50:13.62
0 10 1.9 -2.3 12.423 6.642 -10.7 -10.8 4.1 36.7157108 -4.4908487 0.00 0.00 0.00 0.000 09:50:13.73
0 10 1.9 -2.3 16.113 7.995 -10.7 -10.8 4.4 36.7157108 -4.4908487 0.00 0.00 0.00 0.000 09:50:13.83
0 10 1.9 -2.3 12.054 7.380 -10.7 -10.7 4.7 36.7157108 -4.4908487 0.00 0.00 0.00 0.000 09:50:13.94
0 10 1.9 -2.3 10.701 8.856 -10.8 -10.7 4.9 36.7157108 -4.4908487 0.00 0.00 0.00 0.000 09:50:14.03
0 10 1.9 -2.3 15.129 8.364 -10.8 -10.6 5.2 36.7157108 -4.4908487 0.00 0.00 0.00 0.000 09:50:14.12
0 10 1.9 -2.3 13.038 11.316 -10.8 -10.6 5.5 36.7157108 -4.4908487 0.00 0.00 0.00 0.000 09:50:14.23
0 10 1.9 -2.3 11.316 9.471 -10.8 -10.5 5.8 36.7157108 -4.4908487 0.00 0.00 0.00 0.000 09:50:14.33
0 10 1.9 -2.3 13.530 8.241 -10.9 -10.4 6.1 36.7157108 -4.4908487 0.00 0.00 0.00 0.000 09:50:14.44
0 10 1.9 -2.3 17.466 6.519 -10.9 -10.4 6.4 36.7157108 -4.4908487 0.00 0.00 0.00 0.000 09:50:14.53
0 10 1.9 -2.3 10.455 8.118 -10.9 -10.4 6.7 36.7157108 -4.4908487 0.00 0.00 0.00 0.000 09:50:14.64
0 10 1.9 -2.3 11.439 7.380 -10.9 -10.3 7.0 36.7157108 -4.4908487 0.00 0.00 0.00 0.000 09:50:14.73
0 10 1.9 -2.3 14.637 7.134 -11.0 -10.3 7.3 36.7157108 -4.4908487 0.00 0.00 0.00 0.000 09:50:14.83
0 10 1.9 -2.3 13.284 10.455 -11.0 -10.2 7.6 36.7157108 -4.4908487 0.00 0.00 0.00 0.000 09:50:14.94
0 10 1.9 -2.3 13.776 7.503 -11.0 -10.2 7.9 36.7157108 -4.4908487 0.00 0.00 0.00 0.000 09:50:15.03
0 10 1.9 -2.3 12.669 7.626 -11.0 -10.2 8.2 36.7157108 -4.4908487 0.00 0.00 0.00 0.000 09:50:15.14
0 10 1.9 -2.3 12.546 6.519 -11.1 -10.1 8.5 36.7157108 -4.4908487 0.00 0.00 0.00 0.000 09:50:15.23
0 10 1.9 -2.3 13.284 9.594 -11.1 -10.1 8.8 36.7157108 -4.4908487 0.00 0.00 0.00 0.000 09:50:15.33
0 10 1.9 -2.3 12.423 7.872 -11.1 -10.0 9.0 36.7157108 -4.4908487 0.00 0.00 0.00 0.000 09:50:15.44
0 10 1.9 -2.3 12.669 5.535 -11.1 -10.0 9.3 36.7157108 -4.4908487 0.00 0.00 0.00 0.000 09:50:15.53
0 10 1.9 -2.3 11.439 9.963 -11.1 -9.9 9.6 36.7157108 -4.4908487 0.00 0.00 0.00 0.000 09:50:15.64
0 10 1.9 -2.3 15.006 7.749 -11.2 -9.9 9.9 36.7157108 -4.4908487 0.00 0.00 0.00 0.000 09:50:15.73
0 10 1.9 -2.3 12.669 4.059 -11.2 -9.8 10.1 36.7157108 -4.4908487 0.00 0.00 0.00 0.000 09:50:15.83
0 10 1.9 -2.3 9.594 9.348 -11.2 -9.8 10.4 36.7157108 -4.4908487 0.00 0.00 0.00 0.000 09:50:15.94
0 10 1.9 -2.3 10.701 7.257 -11.2 -9.7 10.6 36.7157108 -4.4908487 0.00 0.00 0.00 0.000 09:50:16.03
0 10 1.9 -2.3 13.776 7.872 -11.2 -9.7 10.9 36.7157108 -4.4908487 0.00 0.00 0.00 0.000 09:50:16.14
0 10 1.9 -1.9 14.268 5.166 -11.2 -9.6 11.2 36.7157108 -4.4908487 0.00 0.00 0.00 0.000 09:50:16.23
0 10 1.9 -1.9 11.193 7.749 -11.2 -9.6 11.4 36.7157108 -4.4908487 0.00 0.00 0.00 0.000 09:50:16.34
0 10 1.9 -1.9 10.332 7.995 -11.3 -9.6 11.7 36.7157108 -4.4908487 0.00 0.00 0.00 0.000 09:50:16.44
0 10 1.9 -1.9 12.792 7.011 -11.3 -9.5 11.9 36.7157108 -4.4908487 0.00 0.00 0.00 0.000 09:50:16.53
0 10 1.9 -1.9 13.038 5.535 -11.3 -9.5 12.2 36.7157108 -4.4908487 0.00 0.00 0.00 0.000 09:50:16.64
0 10 1.9 -1.9 13.530 4.674 -11.3 -9.5 12.4 36.7157108 -4.4908487 0.00 0.00 0.00 0.000 09:50:16.73
0 10 1.9 -1.9 13.776 8.610 -11.3 -9.5 12.7 36.7157108 -4.4908487 0.00 0.00 0.00 0.000 09:50:16.84
0 10 1.9 -1.9 10.701 4.797 -11.4 -9.4 12.9 36.7157108 -4.4908487 0.00 0.00 0.00 0.000 09:50:16.94
0 10 1.9 -1.9 15.006 5.412 -11.4 -9.3 13.2 36.7157108 -4.4908487 0.00 0.00 0.00 0.000 09:50:17.03
0 10 1.9 -1.9 13.038 9.102 -11.4 -9.3 13.4 36.7157108 -4.4908487 0.00 0.00 0.00 0.000 09:50:17.14
0 10 1.9 -1.9 12.546 8.118 -11.4 -9.3 13.6 36.7157108 -4.4908487 0.00 0.00 0.00 0.000 09:50:17.23
0 10 1.9 -1.9 11.193 8.487 -11.4 -9.2 13.9 36.7157108 -4.4908487 0.00 0.00 0.00 0.000 09:50:17.34
0 10 1.9 -1.9 11.808 5.412 -11.5 -9.2 14.2 36.7157108 -4.4908487 0.00 0.00 0.00 0.000 09:50:17.44
0 10 1.9 -1.9 10.824 6.027 -11.5 -9.2 14.4 36.7157108 -4.4908487 0.00 0.00 0.00 0.000 09:50:17.54
0 10 1.9 -1.9 12.054 6.765 -11.5 -9.2 14.6 36.7157108 -4.4908487 0.00 0.00 0.00 0.000 09:50:17.64
0 10 1.9 -1.9 12.669 7.503 -11.5 -9.2 14.9 36.7157108 -4.4908487 0.00 0.00 0.00 0.000 09:50:17.73
0 10 1.9 -1.9 11.193 5.658 -11.5 -9.1 15.1 36.7157108 -4.4908487 0.00 0.00 0.00 0.000 09:50:17.84
0 10 1.9 -1.9 12.054 5.043 -11.5 -9.1 15.3 36.7157108 -4.4908487 0.00 0.00 0.00 0.000 09:50:17.94
0 10 1.9 -1.9 13.653 9.102 -11.6 -9.1 15.5 36.7157108 -4.4908487 0.00 0.00 0.00 0.000 09:50:18.04
0 10 1.9 -1.9 14.145 7.380 -11.6 -9.0 15.7 36.7157108 -4.4908487 0.00 0.00 0.00 0.000 09:50:18.14
0 10 1.9 -1.9 12.177 7.011 -11.6 -9.0 15.9 36.7157108 -4.4908487 0.00 0.00 0.00 0.000 09:50:18.23
0 10 1.9 -1.9 12.546 6.888 -11.6 -9.0 16.1 36.7157108 -4.4908487 0.00 0.00 0.00 0.000 09:50:18.34
0 10 1.9 -1.9 12.669 7.380 -11.6 -8.9 16.3 36.7157108 -4.4908487 0.00 0.00 0.00 0.000 09:50:18.44
0 10 1.9 -1.9 11.562 5.412 -11.6 -8.9 16.5 36.7157108 -4.4908487 0.00 0.00 0.00 0.000 09:50:18.54
0 10 1.9 -1.9 13.530 6.273 -11.6 -8.9 16.7 36.7157108 -4.4908487 0.00 0.00 0.00 0.000 09:50:18.64
0 10 1.9 -1.9 11.070 9.717 -11.7 -8.9 16.9 36.7157108 -4.4908487 0.00 0.00 0.00 0.000 09:50:18.75
0 10 1.9 -1.9 12.915 9.225 -11.7 -8.9 17.1 36.7157108 -4.4908487 0.00 0.00 0.00 0.000 09:50:18.84
0 10 1.9 -1.9 13.161 9.471 -11.7 -8.9 17.3 36.7157108 -4.4908487 0.00 0.00 0.00 0.000 09:50:18.94
0 10 1.9 -1.9 11.931 6.027 -11.7 -8.8 17.5 36.7157108 -4.4908487 0.00 0.00 0.00 0.000 09:50:19.04
0 10 1.9 -1.9 12.177 8.733 -11.7 -8.8 17.7 36.7157108 -4.4908487 0.00 0.00 0.00 0.000 09:50:19.14
0 10 1.9 -1.9 11.685 8.364 -11.7 -8.8 17.8 36.7157108 -4.4908487 0.00 0.00 0.00 0.000 09:50:19.25
0 10 1.9 -1.9 14.268 6.765 -11.7 -8.8 18.0 36.7157108 -4.4908487 0.00 0.00 0.00 0.000 09:50:19.34
0 10 1.9 -1.9 13.038 6.519 -11.7 -8.7 18.2 36.7157108 -4.4908487 0.00 0.00 0.00 0.000 09:50:19.45
0 10 1.9 -1.9 13.038 6.027 -11.7 -8.7 18.3 36.7157108 -4.4908487 0.00 0.00 0.00 0.000 09:50:19.54
0 10 1.9 -1.9 11.562 7.872 -11.7 -8.7 18.6 36.7157108 -4.4908487 0.00 0.00 0.00 0.000 09:50:19.64
0 10 1.9 -1.9 13.038 9.471 -11.7 -8.6 18.7 36.7157108 -4.4908487 0.00 0.00 0.00 0.000 09:50:19.75
0 10 1.9 -1.9 13.407 7.872 -11.7 -8.6 18.8 36.7157108 -4.4908487 0.00 0.00 0.00 0.000 09:50:19.84
0 10 1.9 -1.9 11.316 13.038 -11.7 -8.6 18.9 36.7157108 -4.4908487 0.00 0.00 0.00 0.000 09:50:19.95
0 10 1.9 -1.9 14.514 6.027 -11.7 -8.5 19.1 36.7157108 -4.4908487 0.00 0.00 0.00 0.000 09:50:20.04
0 10 1.9 -1.9 13.284 6.150 -11.7 -8.5 19.3 36.7157108 -4.4908487 0.00 0.00 0.00 0.000 09:50:20.15
0 10 1.9 -1.9 13.161 5.781 -11.7 -8.5 19.4 36.7157108 -4.4908487 0.00 0.00 0.00 0.000 09:50:20.25
0 10 1.9 -1.9 11.562 9.717 -11.7 -8.5 19.6 36.7157108 -4.4908487 0.00 0.00 0.00 0.000 09:50:20.34
0 10 1.9 -1.9 11.931 9.348 -11.7 -8.4 19.7 36.7157108 -4.4908487 0.00 0.00 0.00 0.000 09:50:20.45
0 10 1.9 -1.9 12.669 6.027 -11.7 -8.4 19.9 36.7157108 -4.4908487 0.00 0.00 0.00 0.000 09:50:20.54
0 10 1.9 -1.9 11.931 5.289 -11.6 -8.4 20.0 36.7157108 -4.4908487 0.00 0.00 0.00 0.000 09:50:20.65
0 10 1.9 -1.9 10.455 6.888 -11.6 -8.4 20.1 36.7157108 -4.4908487 0.00 0.00 0.00 0.000 09:50:20.75
0 10 1.9 -1.9 9.102 6.888 -11.6 -8.3 20.2 36.7157108 -4.4908487 0.00 0.00 0.00 0.000 09:50:20.84
0 10 1.9 -1.9 8.118 6.642 -11.6 -8.3 20.4 36.7157108 -4.4908487 0.00 0.00 0.00 0.000 09:50:20.95
0 10 1.9 -1.9 8.856 5.658 -11.6 -8.3 20.5 36.7157108 -4.4908487 0.00 0.00 0.00 0.000 09:50:21.04
0 10 1.9 -1.9 8.979 9.225 -11.6 -8.2 20.6 36.7157108 -4.4908487 0.00 0.00 0.00 0.000 09:50:21.15
0 10 1.9 -1.9 10.209 6.273 -11.6 -8.2 20.7 36.7157108 -4.4908487 0.00 0.00 0.00 0.000 09:50:21.25
0 10 1.9 -1.9 8.241 5.781 -11.6 -8.2 20.8 36.7157108 -4.4908487 0.00 0.00 0.00 0.000 09:50:21.36
0 10 1.9 -1.9 11.808 9.102 -11.6 -8.2 20.9 36.7157108 -4.4908487 0.00 0.00 0.00 0.000 09:50:21.45
0 10 1.9 -1.9 9.594 8.733 -11.6 -8.2 21.0 36.7157108 -4.4908487 0.00 0.00 0.00 0.000 09:50:21.54
0 10 1.9 -1.9 10.086 7.626 -11.6 -8.2 21.1 36.7157108 -4.4908487 0.00 0.00 0.00 0.000 09:50:21.65
0 10 1.9 -1.9 9.225 7.626 -11.5 -8.2 21.2 36.7157108 -4.4908487 0.00 0.00 0.00 0.000 09:50:21.75
0 10 1.9 -1.9 8.241 7.011 -11.5 -8.2 21.3 36.7157108 -4.4908487 0.00 0.00 0.00 0.000 09:50:21.86
0 10 1.9 -1.9 8.241 6.888 -11.5 -8.1 21.3 36.7157108 -4.4908487 0.00 0.00 0.00 0.000 09:50:21.95
0 10 1.9 -1.9 8.856 5.904 -11.5 -8.1 21.4 36.7157108 -4.4908487 0.00 0.00 0.00 0.000 09:50:22.06
0 10 1.9 -1.9 9.594 8.610 -11.5 -8.1 21.4 36.7157108 -4.4908487 0.00 0.00 0.00 0.000 09:50:22.15
0 10 1.9 -1.9 9.471 8.979 -11.5 -8.1 21.5 36.7157108 -4.4908487 0.00 0.00 0.00 0.000 09:50:22.25
0 10 1.9 -1.9 8.118 5.535 -11.5 -8.0 21.5 36.7157108 -4.4908487 0.00 0.00 0.00 0.000 09:50:22.36
0 10 1.9 -1.9 7.872 5.658 -11.5 -8.0 21.5 36.7157108 -4.4908487 0.00 0.00 0.00 0.000 09:50:22.45
0 10 1.9 -1.9 9.225 8.610 -11.5 -8.0 21.5 36.7157108 -4.4908487 0.00 0.00 0.00 0.000 09:50:22.56
0 10 1.9 -1.9 9.840 7.503 -11.5 -8.0 21.5 36.7157108 -4.4908487 0.00 0.00 0.00 0.000 09:50:22.65
0 10 1.9 -1.9 8.856 7.626 -11.5 -8.0 21.6 36.7157108 -4.4908487 0.00 0.00 0.00 0.000 09:50:22.76
0 10 1.9 -1.9 8.364 6.642 -11.5 -8.0 21.5 36.7157108 -4.4908487 0.00 0.00 0.00 0.000 09:50:22.86
0 10 1.9 -1.9 7.872 8.241 -11.4 -8.0 21.5 36.7157108 -4.4908487 0.00 0.00 0.00 0.000 09:50:22.95
0 10 1.9 -1.9 6.888 8.241 -11.4 -8.0 21.5 36.7157108 -4.4908487 0.00 0.00 0.00 0.000 09:50:23.06
0 10 1.9 -1.9 8.610 7.626 -11.4 -7.9 21.5 36.7157108 -4.4908487 0.00 0.00 0.00 0.000 09:50:23.15
0 10 1.9 -1.9 8.733 5.781 -11.4 -7.9 21.5 36.7157108 -4.4908487 0.00 0.00 0.00 0.000 09:50:23.26
0 10 1.9 -1.9 9.963 9.594 -11.4 -7.9 21.5 36.7157108 -4.4908487 0.00 0.00 0.00 0.000 09:50:23.36
0 10 1.9 -1.9 9.102 7.749 -11.4 -7.8 21.4 36.7157108 -4.4908487 0.00 0.00 0.00 0.000 09:50:23.47
0 10 1.9 -1.9 9.471 9.594 -11.4 -7.8 21.4 36.7157108 -4.4908487 0.00 0.00 0.00 0.000 09:50:23.56
0 10 1.9 -1.9 7.626 7.626 -11.4 -7.8 21.3 36.7157108 -4.4908487 0.00 0.00 0.00 0.000 09:50:23.65
0 10 1.9 -1.9 6.888 8.610 -11.3 -7.8 21.3 36.7157108 -4.4908487 0.00 0.00 0.00 0.000 09:50:23.76
0 10 1.9 -1.9 9.225 6.519 -11.3 -7.7 21.2 36.7157108 -4.4908487 0.00 0.00 0.00 0.000 09:50:23.86
0 10 1.9 -1.9 8.118 5.412 -11.3 -7.8 21.1 36.7157108 -4.4908487 0.00 0.00 0.00 0.000 09:50:23.97
0 10 1.9 -1.9 5.535 7.626 -11.3 -7.8 21.1 36.7157108 -4.4908487 0.00 0.00 0.00 0.000 09:50:24.06
0 10 1.9 -1.9 7.995 6.765 -11.3 -7.7 21.0 36.7157108 -4.4908487 0.00 0.00 0.00 0.000 09:50:24.17
0 10 1.9 -1.9 8.241 8.610 -11.2 -7.7 20.8 36.7157108 -4.4908487 0.00 0.00 0.00 0.000 09:50:24.26
0 10 1.9 -1.9 5.781 6.642 -11.2 -7.8 20.7 36.7157108 -4.4908487 0.00 0.00 0.00 0.000 09:50:24.36
0 10 1.9 -1.9 11.439 5.904 -11.2 -7.8 20.6 36.7157108 -4.4908487 0.00 0.00 0.00 0.000 09:50:24.47
0 10 1.9 -1.9 9.717 10.209 -11.2 -7.7 20.5 36.7157108 -4.4908487 0.00 0.00 0.00 0.000 09:50:24.56
0 10 1.9 -1.9 9.102 6.642 -11.2 -7.7 20.4 36.7157108 -4.4908487 0.00 0.00 0.00 0.000 09:50:24.67
0 11 1.9 -1.9 7.872 4.920 -11.2 -7.7 20.2 36.7157108 -4.4908487 0.00 0.00 0.00 0.000 09:50:24.76
0 11 1.9 -1.9 10.086 9.102 -11.2 -7.7 20.1 36.7157108 -4.4908487 0.00 0.00 0.00 0.000 09:50:24.86
0 11 1.9 -1.9 8.118 7.749 -11.2 -7.7 20.1 36.7157108 -4.4908487 0.00 0.00 0.00 0.000 09:50:24.97
0 11 1.9 -1.9 9.963 7.872 -11.1 -7.7 20.0 36.7157108 -4.4908487 0.00 0.00 0.00 0.000 09:50:25.06
0 11 1.9 -1.9 9.225 8.364 -11.2 -7.6 20.0 36.7157108 -4.4908487 0.00 0.00 0.00 0.000 09:50:25.17
0 11 1.9 -1.9 7.749 7.995 -11.1 -7.7 19.9 36.7157108 -4.4908487 0.00 0.00 0.00 0.000 09:50:25.26
0 11 1.9 -1.9 7.257 6.027 -11.1 -7.7 19.8 36.7157108 -4.4908487 0.00 0.00 0.00 0.000 09:50:25.37
0 11 1.9 -1.9 10.209 8.733 -11.1 -7.6 19.8 36.7157108 -4.4908487 0.00 0.00 0.00 0.000 09:50:25.47
0 11 1.9 -1.9 9.840 7.257 -11.1 -7.6 19.7 36.7157108 -4.4908487 0.00 0.00 0.00 0.000 09:50:25.56
0 11 1.9 -1.9 9.225 5.904 -11.1 -7.6 19.6 36.7157108 -4.4908487 0.00 0.00 0.00 0.000 09:50:25.67
0 11 1.9 -1.9 8.487 6.642 -11.1 -7.6 19.4 36.7157108 -4.4908487 0.00 0.00 0.00 0.000 09:50:25.76
0 11 1.9 -1.9 8.856 8.118 -11.1 -7.5 19.3 36.7157108 -4.4908487 0.00 0.00 0.00 0.000 09:50:25.87
0 11 1.9 -1.9 9.102 8.979 -11.1 -7.5 19.2 36.7157108 -4.4908487 0.00 0.00 0.00 0.000 09:50:25.97
0 11 1.9 -1.9 9.225 8.364 -11.1 -7.4 19.0 36.7157108 -4.4908487 0.00 0.00 0.00 0.000 09:50:26.08
0 11 1.9 -1.9 7.749 6.273 -11.1 -7.4 18.8 36.7157108 -4.4908487 0.00 0.00 0.00 0.000 09:50:26.17
0 11 2.7 -2.3 7.626 7.995 -11.1 -7.4 18.6 36.7157108 -4.4908487 0.00 0.00 0.00 0.000 09:50:26.26
0 11 2.7 -2.3 5.658 7.995 -11.1 -7.4 18.4 36.7157108 -4.4908487 0.00 0.00 0.00 0.000 09:50:26.37
0 11 2.7 -2.3 7.011 6.519 -11.1 -7.3 18.2 36.7157108 -4.4908487 0.00 0.00 0.00 0.000 09:50:26.47
0 11 2.7 -2.3 5.412 6.273 -11.1 -7.3 18.0 36.7157108 -4.4908487 0.00 0.00 0.00 0.000 09:50:26.58
0 11 2.7 -2.3 6.888 6.888 -11.1 -7.3 17.8 36.7157108 -4.4908487 0.00 0.00 0.00 0.000 09:50:26.67
0 11 2.7 -2.3 9.102 7.257 -11.1 -7.3 17.5 36.7157108 -4.4908487 0.00 0.00 0.00 0.000 09:50:26.78
0 11 2.7 -2.3 7.257 9.225 -11.1 -7.2 17.3 36.7157108 -4.4908487 0.00 0.00 0.00 0.000 09:50:26.87
0 11 2.7 -2.3 8.856 7.872 -11.1 -7.2 17.0 36.7157108 -4.4908487 0.00 0.00 0.00 0.000 09:50:26.98
0 11 2.7 -2.3 7.134 8.979 -11.2 -7.2 16.8 36.7157108 -4.4908487 0.00 0.00 0.00 0.000 09:50:27.08
0 11 2.7 -2.3 7.134 9.102 -11.1 -7.1 16.5 36.7157108 -4.4908487 0.00 0.00 0.00 0.000 09:50:27.17
0 11 2.7 -2.3 9.102 5.781 -11.1 -7.0 16.2 36.7157108 -4.4908487 0.00 0.00 0.00 0.000 09:50:27.28
0 11 2.7 -2.3 9.594 6.888 -11.2 -7.0 15.9 36.7157108 -4.4908487 0.00 0.00 0.00 0.000 09:50:27.37
0 11 2.7 -2.3 8.364 7.872 -11.2 -7.0 15.6 36.7157108 -4.4908487 0.00 0.00 0.00 0.000 09:50:27.48
0 11 2.7 -2.3 7.872 7.257 -11.2 -7.0 15.3 36.7157108 -4.4908487 0.00 0.00 0.00 0.000 09:50:27.58
0 11 2.7 -2.3 10.824 5.904 -11.2 -6.9 15.0 36.7157108 -4.4908487 0.00 0.00 0.00 0.000 09:50:27.67
0 11 2.7 -2.3 6.519 4.305 -11.2 -6.9 14.6 36.7157108 -4.4908487 0.00 0.00 0.00 0.000 09:50:27.78
0 11 2.7 -2.3 7.749 8.241 -11.2 -6.9 14.3 36.7157108 -4.4908487 0.00 0.00 0.00 0.000 09:50:27.87
0 11 2.7 -2.3 7.995 7.134 -11.2 -6.9 13.9 36.7157108 -4.4908487 0.00 0.00 0.00 0.000 09:50:27.98
0 11 2.7 -2.3 5.535 6.027 -11.2 -6.9 13.6 36.7157108 -4.4908487 0.00 0.00 0.00 0.000 09:50:28.08
0 11 2.7 -2.3 6.150 5.412 -11.2 -6.8 13.2 36.7157108 -4.4908487 0.00 0.00 0.00 0.000 09:50:28.17
0 11 2.7 -2.3 6.396 7.995 -11.1 -6.8 12.8 36.7157108 -4.4908487 0.00 0.00 0.00 0.000 09:50:28.28
0 11 2.7 -2.3 6.765 7.749 -11.1 -6.8 12.5 36.7157108 -4.4908487 0.00 0.00 0.00 0.000 09:50:28.37
0 11 2.7 -2.3 5.289 5.412 -11.1 -6.8 12.1 36.7157108 -4.4908487 0.00 0.00 0.00 0.000 09:50:28.48
0 11 2.7 -2.3 6.765 6.273 -11.1 -6.8 11.7 36.7157108 -4.4908487 0.00 0.00 0.00 0.000 09:50:28.58
0 11 2.7 -2.3 7.380 9.717 -11.0 -6.7 11.4 36.7157108 -4.4908487 0.00 0.00 0.00 0.000 09:50:28.67
0 11 2.7 -2.3 8.979 10.824 -11.0 -6.7 11.0 36.7157108 -4.4908487 0.00 0.00 0.00 0.000 09:50:28.78
0 11 2.7 -2.3 9.102 9.348 -11.0 -6.7 10.6 36.7157108 -4.4908487 0.00 0.00 0.00 0.000 09:50:28.87
0 11 2.7 -2.3 7.749 8.733 -11.0 -6.6 10.2 36.7157108 -4.4908487 0.00 0.00 0.00 0.000 09:50:28.98
0 11 2.7 -2.3 9.348 10.332 -11.0 -6.6 9.7 36.7157108 -4.4908487 0.00 0.00 0.00 0.000 09:50:29.08
0 11 2.7 -2.3 8.733 4.797 -10.9 -6.6 9.3 36.7157108 -4.4908487 0.00 0.00 0.00 0.000 09:50:29.19
0 11 2.7 -2.3 7.626 8.487 -10.9 -6.5 9.0 36.7157108 -4.4908487 0.00 0.00 0.00 0.000 09:50:29.28
0 11 2.7 -2.3 6.273 8.733 -10.9 -6.6 8.6 36.7157108 -4.4908487 0.00 0.00 0.00 0.000 09:50:29.37
0 11 2.7 -2.3 7.872 9.840 -10.9 -6.5 8.1 36.7157108 -4.4908487 0.00 0.00 0.00 0.000 09:50:29.48
0 11 2.7 -2.3 6.888 9.102 -10.9 -6.6 7.8 36.7157108 -4.4908487 0.00 0.00 0.00 0.000 09:50:29.58
0 11 2.7 -2.3 7.872 6.888 -10.9 -6.5 7.3 36.7157108 -4.4908487 0.00 0.00 0.00 0.000 09:50:29.69
0 11 2.7 -2.3 8.487 5.904 -10.8 -6.5 7.0 36.7157108 -4.4908487 0.00 0.00 0.00 0.000 09:50:29.78
0 11 2.7 -2.3 8.979 7.503 -10.8 -6.5 6.6 36.7157108 -4.4908487 0.00 0.00 0.00 0.000 09:50:29.89
0 11 2.7 -2.3 9.225 10.824 -10.8 -6.5 6.1 36.7157108 -4.4908487 0.00 0.00 0.00 0.000 09:50:29.98
0 11 2.7 -2.3 13.038 6.273 -10.8 -6.5 5.7 36.7157108 -4.4908487 0.00 0.00 0.00 0.000 09:50:30.08
0 11 2.7 -2.3 12.054 10.332 -10.8 -6.5 5.3 36.7157108 -4.4908487 0.00 0.00 0.00 0.000 09:50:30.19
0 11 2.7 -2.3 11.070 8.610 -10.8 -6.4 4.9 36.7157108 -4.4908487 0.00 0.00 0.00 0.000 09:50:30.28
0 11 2.7 -2.3 11.562 7.011 -10.8 -6.4 4.5 36.7157108 -4.4908487 0.00 0.00 0.00 0.000 09:50:30.39
0 11 2.7 -2.3 10.701 6.273 -10.8 -6.4 4.1 36.7157108 -4.4908487 0.00 0.00 0.00 0.000 09:50:30.48
0 11 2.7 -2.3 9.840 8.733 -10.8 -6.4 3.7 36.7157108 -4.4908487 0.00 0.00 0.00 0.000 09:50:30.58
0 11 2.7 -2.3 9.471 8.118 -10.8 -6.3 3.4 36.7157108 -4.4908487 0.00 0.00 0.00 0.000 09:50:30.69
0 11 2.7 -2.3 8.733 5.904 -10.8 -6.3 3.0 36.7157108 -4.4908487 0.00 0.00 0.00 0.000 09:50:30.78
0 11 2.7 -2.3 8.733 7.626 -10.8 -6.3 2.6 36.7157108 -4.4908487 0.00 0.00 0.00 0.000 09:50:30.89
0 11 2.7 -2.3 12.546 7.995 -10.8 -6.3 2.3 36.7157108 -4.4908487 0.00 0.00 0.00 0.000 09:50:30.98
0 11 2.7 -2.3 9.471 8.979 -10.7 -6.3 1.9 36.7157108 -4.4908487 0.00 0.00 0.00 0.000 09:50:31.08
0 11 2.7 -2.3 7.503 10.209 -10.7 -6.3 1.5 36.7157108 -4.4908487 0.00 0.00 0.00 0.000 09:50:31.19
0 11 1.9 -2.3 7.380 7.995 -10.7 -6.3 1.1 36.7157108 -4.4908487 0.00 0.00 0.00 0.000 09:50:31.28
0 11 1.9 -2.3 9.225 6.888 -10.7 -6.3 0.8 36.7157108 -4.4908487 0.00 0.00 0.00 0.000 09:50:31.39
0 11 1.9 -2.3 7.626 8.733 -10.7 -6.3 0.4 36.7157108 -4.4908487 0.00 0.00 0.00 0.000 09:50:31.48
0 11 1.9 -2.3 8.856 9.471 -10.7 -6.2 0.1 36.7157108 -4.4908487 0.00 0.00 0.00 0.000 09:50:31.58
0 11 1.9 -2.3 11.439 6.027 -10.7 -6.2 -0.3 36.7157108 -4.4908487 0.00 0.00 0.00 0.000 09:50:31.69
0 11 1.9 -2.3 10.578 5.904 -10.8 -6.2 -0.6 36.7157108 -4.4908487 0.00 0.00 0.00 0.000 09:50:31.78
0 11 1.9 -2.3 10.332 5.412 -10.8 -6.2 -0.9 36.7157108 -4.4908487 0.00 0.00 0.00 0.000 09:50:31.89
0 11 1.9 -2.3 10.455 7.626 -10.7 -6.2 -1.3 36.7157108 -4.4908487 0.00 0.00 0.00 0.000 09:50:31.98
0 11 1.9 -2.3 10.824 4.428 -10.7 -6.2 -1.6 36.7157108 -4.4908487 0.00 0.00 0.00 0.000 09:50:32.09
0 11 1.9 -2.3 11.562 6.027 -10.7 -6.2 -1.9 36.7157108 -4.4908487 0.00 0.00 0.00 0.000 09:50:32.19
0 11 1.9 -2.3 10.578 10.578 -10.7 -6.2 -2.2 36.7157108 -4.4908487 0.00 0.00 0.00 0.000 09:50:32.28
0 11 1.9 -2.3 11.316 8.610 -10.7 -6.2 -2.4 36.7157108 -4.4908487 0.00 0.00 0.00 0.000 09:50:32.39
0 11 1.9 -2.3 10.824 7.626 -10.7 -6.1 -2.8 36.7157108 -4.4908487 0.00 0.00 0.00 0.000 09:50:32.48
0 11 1.9 -2.3 12.054 7.503 -10.7 -6.1 -3.0 36.7157108 -4.4908487 0.00 0.00 0.00 0.000 09:50:32.59
0 11 1.9 -2.3 9.471 5.412 -10.7 -6.0 -3.3 36.7157108 -4.4908487 0.00 0.00 0.00 0.000 09:50:32.69
0 11 1.9 -2.3 9.594 6.273 -10.8 -6.0 -3.6 36.7157108 -4.4908487 0.00 0.00 0.00 0.000 09:50:32.78
0 11 1.9 -2.3 11.439 8.487 -10.8 -6.0 -3.9 36.7157108 -4.4908487 0.00 0.00 0.00 0.000 09:50:32.89
0 11 1.9 -2.3 12.054 7.380 -10.8 -6.0 -4.1 36.7157108 -4.4908487 0.00 0.00 0.00 0.000 09:50:32.98
0 11 1.9 -2.3 12.177 6.273 -10.8 -6.0 -4.3 36.7157108 -4.4908487 0.00 0.00 0.00 0.000 09:50:33.09
0 11 1.9 -2.3 10.209 5.535 -10.8 -6.0 -4.5 36.7157108 -4.4908487 0.00 0.00 0.00 0.000 09:50:33.19
0 11 1.9 -2.3 8.979 6.642 -10.7 -6.0 -4.8 36.7157108 -4.4908487 0.00 0.00 0.00 0.000 09:50:33.29
0 11 1.9 -2.3 9.102 5.043 -10.8 -5.9 -5.0 36.7157108 -4.4908487 0.00 0.00 0.00 0.000 09:50:33.39
0 11 1.9 -2.3 9.594 11.070 -10.8 -5.9 -5.1 36.7157108 -4.4908487 0.00 0.00 0.00 0.000 09:50:33.48
0 11 1.9 -2.3 10.824 7.995 -10.8 -5.9 -5.3 36.7157108 -4.4908487 0.00 0.00 0.00 0.000 09:50:33.59
0 11 1.9 -2.3 8.733 10.455 -10.8 -5.9 -5.5 36.7157108 -4.4908487 0.00 0.00 0.00 0.000 09:50:33.69
0 11 1.9 -2.3 10.209 7.380 -10.8 -5.8 -5.6 36.7157108 -4.4908487 0.00 0.00 0.00 0.000 09:50:33.79
0 11 1.9 -2.3 9.840 6.642 -10.8 -5.8 -5.7 36.7157108 -4.4908487 0.00 0.00 0.00 0.000 09:50:33.89
0 11 1.9 -2.3 9.717 7.134 -10.8 -5.8 -5.9 36.7157108 -4.4908487 0.00 0.00 0.00 0.000 09:50:33.98
0 11 1.9 -2.3 13.161 6.642 -10.8 -5.8 -6.0 36.7157108 -4.4908487 0.00 0.00 0.00 0.000 09:50:34.09
0 11 1.9 -2.3 9.717 8.364 -10.8 -5.8 -6.2 36.7157108 -4.4908487 0.00 0.00 0.00 0.000 09:50:34.19
0 11 1.9 -2.3 8.733 4.551 -10.8 -5.8 -6.3 36.7157108 -4.4908487 0.00 0.00 0.00 0.000 09:50:34.29
0 11 1.9 -2.3 11.562 7.749 -10.8 -5.7 -6.4 36.7157108 -4.4908487 0.00 0.00 0.00 0.000 09:50:34.39
0 11 1.9 -2.3 10.578 6.765 -10.8 -5.7 -6.5 36.7157108 -4.4908487 0.00 0.00 0.00 0.000 09:50:34.50
0 11 1.9 -2.3 10.701 6.519 -10.8 -5.7 -6.6 36.7157108 -4.4908487 0.00 0.00 0.00 0.000 09:50:34.59
0 11 1.9 -2.3 8.979 4.920 -10.8 -5.7 -6.7 36.7157108 -4.4908487 0.00 0.00 0.00 0.000 09:50:34.69
0 11 1.9 -2.3 8.487 7.749 -10.8 -5.6 -6.8 36.7157108 -4.4908487 0.00 0.00 0.00 0.000 09:50:34.79
0 11 1.9 -2.3 8.487 9.102 -10.8 -5.6 -6.9 36.7157108 -4.4908487 0.00 0.00 0.00 0.000 09:50:34.89
0 11 1.9 -2.3 9.594 7.995 -10.8 -5.6 -6.9 36.7157108 -4.4908487 0.00 0.00 0.00 0.000 09:50:35.00
0 11 1.9 -2.3 9.102 8.733 -10.8 -5.6 -6.9 36.7157108 -4.4908487 0.00 0.00 0.00 0.000 09:50:35.09
0 11 1.9 -2.3 10.086 8.487 -10.8 -5.6 -7.0 36.7157108 -4.4908487 0.00 0.00 0.00 0.000 09:50:35.20
0 11 1.9 -2.3 10.332 6.888 -10.8 -5.6 -7.0 36.7157108 -4.4908487 0.00 0.00 0.00 0.000 09:50:35.29
0 11 1.9 -2.3 10.332 7.257 -10.8 -5.6 -7.1 36.7157108 -4.4908487 0.00 0.00 0.00 0.000 09:50:35.39
0 11 1.9 -2.3 10.332 7.257 -10.8 -5.6 -7.1 36.7157108 -4.4908487 0.00 0.00 0.00 0.000 09:50:35.50
0 11 1.9 -2.3 10.455 7.011 -10.8 -5.6 -7.1 36.7157108 -4.4908487 0.00 0.00 0.00 0.000 09:50:35.59
0 11 1.9 -2.3 9.471 7.257 -10.8 -5.6 -7.1 36.7157108 -4.4908487 0.00 0.00 0.00 0.000 09:50:35.70
0 11 1.9 -2.3 13.284 5.166 -10.8 -5.6 -7.1 36.7157108 -4.4908487 0.00 0.00 0.00 0.000 09:50:35.79
0 11 1.9 -2.3 10.947 6.150 -10.8 -5.5 -7.2 36.7157108 -4.4908487 0.00 0.00 0.00 0.000 09:50:35.90
0 11 1.9 -2.3 10.947 6.150 -10.8 -5.5 -7.2 36.7157108 -4.4908487 0.00 0.00 0.00 0.000 09:50:36.00
0 11 1.9 -2.3 9.594 5.658 -10.8 -5.5 -7.2 36.7157108 -4.4908487 0.00 0.00 0.00 0.000 09:50:36.09
0 11 1.9 -2.3 9.594 5.658 -10.8 -5.5 -7.1 36.7157108 -4.4908487 0.00 0.00 0.00 0.000 09:50:36.20
0 11 2.3 -2.3 10.578 7.872 -10.8 -5.5 -7.1 36.7157108 -4.4908487 0.00 0.00 0.00 0.000 09:50:36.29
0 11 2.3 -2.3 10.578 7.872 -10.8 -5.5 -7.1 36.7157108 -4.4908487 0.00 0.00 0.00 0.000 09:50:36.40
0 11 2.3 -2.3 12.546 4.674 -10.9 -5.5 -7.1 36.7157108 -4.4908487 0.00 0.00 0.00 0.000 09:50:36.50
0 11 2.3 -2.3 11.439 7.011 -10.8 -5.5 -7.1 36.7157108 -4.4908487 0.00 0.00 0.00 0.000 09:50:36.59
0 11 2.3 -2.3 8.979 5.904 -10.8 -5.5 -7.0 36.7157108 -4.4908487 0.00 0.00 0.00 0.000 09:50:36.70
0 11 2.3 -2.3 8.979 5.904 -10.9 -5.5 -6.9 36.7157108 -4.4908487 0.00 0.00 0.00 0.000 09:50:36.79
0 11 2.3 -2.3 14.145 6.027 -10.9 -5.5 -6.9 36.7157108 -4.4908487 0.00 0.00 0.00 0.000 09:50:36.90
0 11 2.3 -2.3 14.145 6.027 -10.9 -5.5 -6.9 36.7157108 -4.4908487 0.00 0.00 0.00 0.000 09:50:37.00
0 11 2.3 -2.3 13.038 8.118 -10.8 -5.4 -6.8 36.7157108 -4.4908487 0.00 0.00 0.00 0.000 09:50:37.11
0 11 2.3 -2.3 13.038 8.118 -10.9 -5.4 -6.7 36.7157108 -4.4908487 0.00 0.00 0.00 0.000 09:50:37.20
0 11 2.3 -2.3 11.439 7.626 -10.9 -5.5 -6.7 36.7157108 -4.4908487 0.00 0.00 0.00 0.000 09:50:37.29
0 11 2.3 -2.3 13.530 8.364 -10.8 -5.5 -6.6 36.7157108 -4.4908487 0.00 0.00 0.00 0.000 09:50:37.40
0 11 2.3 -2.3 13.530 8.364 -10.8 -5.5 -6.5 36.7157108 -4.4908487 0.00 0.00 0.00 0.000 09:50:37.50
0 11 2.3 -2.3 10.947 8.856 -10.8 -5.5 -6.4 36.7157108 -4.4908487 0.00 0.00 0.00 0.000 09:50:37.61
0 11 2.3 -2.3 14.145 6.273 -10.8 -5.5 -6.4 36.7157108 -4.4908487 0.00 0.00 0.00 0.000 09:50:37.70
0 11 2.3 -2.3 13.038 6.396 -10.8 -5.5 -6.2 36.7157108 -4.4908487 0.00 0.00 0.00 0.000 09:50:37.81
0 11 2.3 -2.3 13.161 6.888 -10.9 -5.5 -6.1 36.7157108 -4.4908487 0.00 0.00 0.00 0.000 09:50:37.90
0 11 2.3 -2.3 13.284 8.364 -10.9 -5.5 -6.1 36.7157108 -4.4908487 0.00 0.00 0.00 0.000 09:50:38.00
0 11 2.3 -2.3 13.284 8.364 -10.9 -5.5 -6.0 36.7157108 -4.4908487 0.00 0.00 0.00 0.000 09:50:38.11
0 11 2.3 -2.3 13.776 6.642 -10.9 -5.5 -5.8 36.7157108 -4.4908487 0.00 0.00 0.00 0.000 09:50:38.20
0 11 2.3 -2.3 13.407 7.257 -10.9 -5.5 -5.7 36.7157108 -4.4908487 0.00 0.00 0.00 0.000 09:50:38.31
0 11 2.3 -2.3 10.947 7.749 -10.9 -5.5 -5.6 36.7157108 -4.4908487 0.00 0.00 0.00 0.000 09:50:38.40
0 11 2.3 -2.3 10.947 7.749 -10.8 -5.5 -5.4 36.7157108 -4.4908487 0.00 0.00 0.00 0.000 09:50:38.51
0 11 2.3 -2.3 10.578 9.348 -10.8 -5.5 -5.3 36.7157108 -4.4908487 0.00 0.00 0.00 0.000 09:50:38.61
0 11 2.3 -2.3 13.530 7.626 -10.8 -5.5 -5.2 36.7157108 -4.4908487 0.00 0.00 0.00 0.000 09:50:38.70
0 11 2.3 -2.3 13.776 8.856 -10.8 -5.5 -5.0 36.7157108 -4.4908487 0.00 0.00 0.00 0.000 09:50:38.81
0 11 2.3 -2.3 13.284 7.380 -10.8 -5.5 -4.9 36.7157108 -4.4908487 0.00 0.00 0.00 0.000 09:50:38.90
0 11 2.3 -2.3 13.776 7.503 -10.8 -5.5 -4.8 36.7157108 -4.4908487 0.00 0.00 0.00 0.000 09:50:39.01
0 11 2.3 -2.3 10.455 8.610 -10.8 -5.5 -4.6 36.7157108 -4.4908487 0.00 0.00 0.00 0.000 09:50:39.11
0 11 2.3 -2.3 10.209 7.749 -10.8 -5.5 -4.4 36.7157108 -4.4908487 0.00 0.00 0.00 0.000 09:50:39.22
0 11 2.3 -2.3 12.915 9.594 -10.8 -5.5 -4.3 36.7157108 -4.4908487 0.00 0.00 0.00 0.000 09:50:39.31
0 11 2.3 -2.3 13.038 6.765 -10.8 -5.5 -4.1 36.7157108 -4.4908487 0.00 0.00 0.00 0.000 09:50:39.40
0 11 2.3 -2.3 13.653 8.733 -10.8 -5.5 -3.9 36.7157108 -4.4908487 0.00 0.00 0.00 0.000 09:50:39.51
0 11 2.3 -2.3 12.792 7.995 -10.8 -5.5 -3.8 36.7157108 -4.4908487 0.00 0.00 0.00 0.000 09:50:39.61
0 11 2.3 -2.3 13.776 7.380 -10.8 -5.5 -3.7 36.7157108 -4.4908487 0.00 0.00 0.00 0.000 09:50:39.72
0 11 2.3 -2.3 11.070 6.888 -10.8 -5.5 -3.5 36.7157108 -4.4908487 0.00 0.00 0.00 0.000 09:50:39.81
0 11 2.3 -2.3 12.669 5.658 -10.8 -5.5 -3.4 36.7157108 -4.4908487 0.00 0.00 0.00 0.000 09:50:39.92
0 11 2.3 -2.3 11.931 6.150 -10.8 -5.5 -3.2 36.7157108 -4.4908487 0.00 0.00 0.00 0.000 09:50:40.01
0 11 2.3 -2.3 12.177 4.920 -10.8 -5.5 -3.1 36.7157108 -4.4908487 0.00 0.00 0.00 0.000 09:50:40.11
0 11 2.3 -2.3 11.439 5.904 -10.8 -5.5 -3.0 36.7157108 -4.4908487 0.00 0.00 0.00 0.000 09:50:40.22
0 11 2.3 -2.3 13.407 6.888 -10.8 -5.5 -2.8 36.7157108 -4.4908487 0.00 0.00 0.00 0.000 09:50:40.31
0 11 2.3 -2.3 12.915 9.102 -10.8 -5.5 -2.7 36.7157108 -4.4908487 0.00 0.00 0.00 0.000 09:50:40.42
0 11 2.3 -2.3 11.316 8.241 -10.8 -5.5 -2.5 36.7157108 -4.4908487 0.00 0.00 0.00 0.000 09:50:40.51
0 11 2.3 -2.3 12.054 6.765 -10.8 -5.5 -2.3 36.7157108 -4.4908487 0.00 0.00 0.00 0.000 09:50:40.61
0 11 2.3 -2.3 10.824 9.348 -10.8 -5.5 -2.2 36.7157108 -4.4908487 0.00 0.00 0.00 0.000 09:50:40.72
0 11 2.3 -2.3 11.808 6.519 -10.8 -5.5 -2.1 36.7157108 -4.4908487 0.00 0.00 0.00 0.000 09:50:40.81
0 11 2.3 -2.3 12.300 9.471 -10.8 -5.5 -1.8 36.7157108 -4.4908487 0.00 0.00 0.00 0.000 09:50:40.92
0 11 2.3 -2.3 14.514 8.979 -10.8 -5.6 -1.7 36.7157108 -4.4908487 0.00 0.00 0.00 0.000 09:50:41.01
0 11 2.3 -2.3 12.423 6.273 -10.8 -5.5 -1.5 36.7157108 -4.4908487 0.00 0.00 0.00 0.000 09:50:41.12
0 11 2.3 -2.3 11.685 6.150 -10.8 -5.5 -1.4 36.7157108 -4.4908487 0.00 0.00 0.00 0.000 09:50:41.22
0 11 1.9 -1.9 14.391 6.396 -10.8 -5.5 -1.3 36.7157108 -4.4908487 0.00 0.00 0.00 0.000 09:50:41.31
0 11 1.9 -1.9 12.300 6.519 -10.8 -5.5 -1.1 36.7157108 -4.4908487 0.00 0.00 0.00 0.000 09:50:41.42
0 11 1.9 -1.9 10.578 6.519 -10.8 -5.5 -0.9 36.7157108 -4.4908487 0.00 0.00 0.00 0.000 09:50:41.51
0 11 1.9 -1.9 13.038 8.118 -10.8 -5.5 -0.8 36.7157108 -4.4908487 0.00 0.00 0.00 0.000 09:50:41.62
0 11 1.9 -1.9 12.423 7.995 -10.8 -5.6 -0.6 36.7157108 -4.4908487 0.00 0.00 0.00 0.000 09:50:41.72
0 11 1.9 -1.9 11.439 7.503 -10.7 -5.6 -0.5 36.7157108 -4.4908487 0.00 0.00 0.00 0.000 09:50:41.83
0 11 1.9 -1.9 11.931 7.011 -10.7 -5.6 -0.3 36.7157108 -4.4908487 0.00 0.00 0.00 0.000 09:50:41.92
0 11 1.9 -1.9 13.407 4.551 -10.7 -5.6 -0.1 36.7157108 -4.4908487 0.00 0.00 0.00 0.000 09:50:42.01
0 11 1.9 -1.9 12.792 9.963 -10.8 -5.6 0.0 36.7157108 -4.4908487 0.00 0.00 0.00 0.000 09:50:42.12
0 11 1.9 -1.9 13.284 6.642 -10.8 -5.6 0.2 36.7157108 -4.4908487 0.00 0.00 0.00 0.000 09:50:42.22
0 11 1.9 -1.9 12.423 8.610 -10.8 -5.6 0.4 36.7157108 -4.4908487 0.00 0.00 0.00 0.000 09:50:42.33
0 11 1.9 -1.9 14.022 5.535 -10.8 -5.6 0.6 36.7157108 -4.4908487 0.00 0.00 0.00 0.000 09:50:42.42
0 11 1.9 -1.9 11.562 7.872 -10.8 -5.6 0.8 36.7157108 -4.4908487 0.00 0.00 0.00 0.000 09:50:42.53
0 11 1.9 -1.9 12.177 8.118 -10.8 -5.5 1.0 36.7157108 -4.4908487 0.00 0.00 0.00 0.000 09:50:42.62
0 11 1.9 -1.9 11.193 7.134 -10.7 -5.6 1.2 36.7157108 -4.4908487 0.00 0.00 0.00 0.000 09:50:42.73
0 11 1.9 -1.9 12.054 7.380 -10.7 -5.6 1.3 36.7157108 -4.4908487 0.00 0.00 0.00 0.000 09:50:42.83
0 11 1.9 -1.9 12.546 7.749 -10.7 -5.5 1.6 36.7157108 -4.4908487 0.00 0.00 0.00 0.000 09:50:42.92
0 11 1.9 -1.9 13.776 7.872 -10.6 -5.5 1.7 36.7157108 -4.4908487 0.00 0.00 0.00 0.000 09:50:43.03
0 11 1.9 -1.9 16.113 6.519 -10.6 -5.6 1.9 36.7157108 -4.4908487 0.00 0.00 0.00 0.000 09:50:43.12
0 11 1.9 -1.9 12.546 6.765 -10.6 -5.6 2.1 36.7157108 -4.4908487 0.00 0.00 0.00 0.000 09:50:43.23
0 12 1.9 -1.9 11.316 9.102 -10.6 -5.5 2.3 36.7157108 -4.4908487 0.00 0.00 0.00 0.000 09:50:43.33
0 12 1.9 -1.9 13.038 8.610 -10.6 -5.5 2.5 36.7157108 -4.4908487 0.00 0.00 0.00 0.000 09:50:43.42
0 12 1.9 -1.9 8.241 7.134 -10.6 -5.5 2.8 36.7157108 -4.4908487 0.00 0.00 0.00 0.000 09:50:43.53
0 12 1.9 -1.9 8.733 7.872 -10.6 -5.5 3.1 36.7157108 -4.4908487 0.00 0.00 0.00 0.000 09:50:43.62
0 12 1.9 -1.9 9.471 7.626 -10.6 -5.5 3.4 36.7157108 -4.4908487 0.00 0.00 0.00 0.000 09:50:43.73
0 12 1.9 -1.9 10.701 5.412 -10.6 -5.5 3.6 36.7157108 -4.4908487 0.00 0.00 0.00 0.000 09:50:43.83
0 12 1.9 -1.9 8.856 4.920 -10.6 -5.5 3.9 36.7157108 -4.4908487 0.00 0.00 0.00 0.000 09:50:43.92
0 12 1.9 -1.9 10.209 6.027 -10.5 -5.5 4.2 36.7157108 -4.4908487 0.00 0.00 0.00 0.000 09:50:44.03
0 12 1.9 -1.9 7.257 5.535 -10.6 -5.5 4.5 36.7157108 -4.4908487 0.00 0.00 0.00 0.000 09:50:44.12
0 12 1.9 -1.9 7.503 8.733 -10.6 -5.5 4.8 36.7157108 -4.4908487 0.00 0.00 0.00 0.000 09:50:44.23
0 12 1.9 -1.9 8.364 8.856 -10.6 -5.5 5.1 36.7157108 -4.4908487 0.00 0.00 0.00 0.000 09:50:44.33
0 12 1.9 -1.9 8.733 11.193 -10.6 -5.4 5.3 36.7157108 -4.4908487 0.00 0.00 0.00 0.000 09:50:44.42
0 12 1.9 -1.9 10.824 4.551 -10.6 -5.4 5.7 36.7157108 -4.4908487 0.00 0.00 0.00 0.000 09:50:44.53
0 12 1.9 -1.9 7.872 7.872 -10.6 -5.4 5.9 36.7157108 -4.4908487 0.00 0.00 0.00 0.000 09:50:44.62
0 12 1.9 -1.9 8.733 7.257 -10.6 -5.4 6.2 36.7157108 -4.4908487 0.00 0.00 0.00 0.000 09:50:44.73
0 12 1.9 -1.9 7.134 7.995 -10.6 -5.4 6.5 36.7157108 -4.4908487 0.00 0.00 0.00 0.000 09:50:44.83
0 12 1.9 -1.9 7.380 7.995 -10.6 -5.3 6.7 36.7157108 -4.4908487 0.00 0.00 0.00 0.000 09:50:44.94
0 12 1.9 -1.9 8.118 8.364 -10.6 -5.3 7.0 36.7157108 -4.4908487 0.00 0.00 0.00 0.000 09:50:45.03
0 12 1.9 -1.9 5.658 8.487 -10.6 -5.3 7.3 36.7157108 -4.4908487 0.00 0.00 0.00 0.000 09:50:45.12
0 12 1.9 -1.9 8.241 8.487 -10.6 -5.2 7.6 36.7157108 -4.4908487 0.00 0.00 0.00 0.000 09:50:45.23
0 12 1.9 -1.9 8.856 10.578 -10.6 -5.2 7.8 36.7157108 -4.4908487 0.00 0.00 0.00 0.000 09:50:45.33
0 12 1.9 -1.9 9.594 9.471 -10.5 -5.2 8.1 36.7157108 -4.4908487 0.00 0.00 0.00 0.000 09:50:45.44
0 12 1.9 -1.9 7.872 8.241 -10.5 -5.2 8.4 36.7157108 -4.4908487 0.00 0.00 0.00 0.000 09:50:45.53
0 12 1.9 -1.9 8.118 9.471 -10.5 -5.2 8.6 36.7157108 -4.4908487 0.00 0.00 0.00 0.000 09:50:45.62
0 12 1.9 -1.9 9.348 5.043 -10.5 -5.2 8.9 36.7157108 -4.4908487 0.00 0.00 0.00 0.000 09:50:45.73
0 12 1.9 -1.9 6.027 8.118 -10.5 -5.2 9.2 36.7157108 -4.4908487 0.00 0.00 0.00 0.000 09:50:45.83
0 12 1.9 -1.9 10.578 8.733 -10.5 -5.2 9.5 36.7157108 -4.4908487 0.00 0.00 0.00 0.000 09:50:45.94
0 12 1.9 -1.9 7.380 8.487 -10.5 -5.2 9.7 36.7157108 -4.4908487 0.00 0.00 0.00 0.000 09:50:46.03
0 12 1.9 -1.9 5.904 10.455 -10.5 -5.1 10.0 36.7157108 -4.4908487 0.00 0.00 0.00 0.000 09:50:46.14
0 12 2.7 -2.7 7.380 8.733 -10.4 -5.1 10.2 36.7157108 -4.4908487 0.00 0.00 0.00 0.000 09:50:46.23
0 12 2.7 -2.7 5.658 9.225 -10.4 -5.1 10.5 36.7157108 -4.4908487 0.00 0.00 0.00 0.000 09:50:46.33
0 12 2.7 -2.7 5.904 7.380 -10.4 -5.1 10.7 36.7157108 -4.4908487 0.00 0.00 0.00 0.000 09:50:46.44
0 12 2.7 -2.7 5.904 9.225 -10.4 -5.2 11.0 36.7157108 -4.4908487 0.00 0.00 0.00 0.000 09:50:46.53
0 12 2.7 -2.7 7.995 6.519 -10.4 -5.2 11.2 36.7157108 -4.4908487 0.00 0.00 0.00 0.000 09:50:46.64
0 12 2.7 -2.7 5.166 7.872 -10.4 -5.2 11.5 36.7157108 -4.4908487 0.00 0.00 0.00 0.000 09:50:46.73
0 12 2.7 -2.7 6.642 8.733 -10.4 -5.2 11.7 36.7157108 -4.4908487 0.00 0.00 0.00 0.000 09:50:46.83
0 12 2.7 -2.7 8.118 8.118 -10.4 -5.2 12.0 36.7157108 -4.4908487 0.00 0.00 0.00 0.000 09:50:46.94
0 12 2.7 -2.7 9.471 8.487 -10.4 -5.2 12.3 36.7157108 -4.4908487 0.00 0.00 0.00 0.000 09:50:47.03
0 12 2.7 -2.7 8.487 4.920 -10.4 -5.1 12.5 36.7157108 -4.4908487 0.00 0.00 0.00 0.000 09:50:47.14
0 12 2.7 -2.7 5.412 8.364 -10.4 -5.1 12.8 36.7157108 -4.4908487 0.00 0.00 0.00 0.000 09:50:47.23
0 13 2.7 -2.7 9.471 7.503 -10.4 -5.1 13.0 36.7157108 -4.4908487 0.00 0.00 0.00 0.000 09:50:47.33
0 13 2.7 -2.7 8.364 10.086 -10.4 -5.1 13.3 36.7157108 -4.4908487 0.00 0.00 0.00 0.000 09:50:47.44
0 13 2.7 -2.7 12.054 7.011 -10.4 -5.1 13.6 36.7157108 -4.4908487 0.00 0.00 0.00 0.000 09:50:47.53
0 13 2.7 -2.7 7.134 6.150 -10.4 -5.1 13.8 36.7157108 -4.4908487 0.00 0.00 0.00 0.000 09:50:47.64
0 13 2.7 -2.7 7.380 5.781 -10.4 -5.1 14.1 36.7157108 -4.4908487 0.00 0.00 0.00 0.000 09:50:47.73
0 13 2.7 -2.7 6.150 6.027 -10.4 -5.1 14.3 36.7157108 -4.4908487 0.00 0.00 0.00 0.000 09:50:47.84
0 13 2.7 -2.7 5.166 8.241 -10.4 -5.0 14.6 36.7157108 -4.4908487 0.00 0.00 0.00 0.000 09:50:47.94
0 13 2.7 -2.7 5.781 7.257 -10.4 -5.0 14.8 36.7157108 -4.4908487 0.00 0.00 0.00 0.000 09:50:48.03
0 13 2.7 -2.7 6.642 8.118 -10.5 -5.0 15.1 36.7157108 -4.4908487 0.00 0.00 0.00 0.000 09:50:48.14
0 13 2.7 -2.7 10.332 8.118 -10.4 -4.9 15.3 36.7157108 -4.4908487 0.00 0.00 0.00 0.000 09:50:48.23
0 13 2.7 -2.7 7.995 5.043 -10.5 -4.9 15.6 36.7157108 -4.4908487 0.00 0.00 0.00 0.000 09:50:48.34
0 13 2.7 -2.7 7.995 7.134 -10.5 -4.9 15.9 36.7157108 -4.4908487 0.00 0.00 0.00 0.000 09:50:48.44
0 13 2.7 -2.7 5.781 6.519 -10.5 -4.8 16.1 36.7157108 -4.4908487 0.00 0.00 0.00 0.000 09:50:48.53
0 13 2.7 -2.7 8.487 5.781 -10.5 -4.8 16.4 36.7157108 -4.4908487 0.00 0.00 0.00 0.000 09:50:48.64
0 13 2.7 -2.7 9.102 7.257 -10.5 -4.8 16.7 36.7157108 -4.4908487 0.00 0.00 0.00 0.000 09:50:48.73
0 13 2.7 -2.7 8.733 9.102 -10.5 -4.7 16.9 36.7157108 -4.4908487 0.00 0.00 0.00 0.000 09:50:48.84
0 13 2.7 -2.7 7.749 8.118 -10.5 -4.7 17.1 36.7157108 -4.4908487 0.00 0.00 0.00 0.000 09:50:48.94
0 13 2.7 -2.7 7.626 7.995 -10.5 -4.7 17.4 36.7157108 -4.4908487 0.00 0.00 0.00 0.000 09:50:49.04
0 13 2.7 -2.7 8.610 7.995 -10.5 -4.6 17.6 36.7157108 -4.4908487 0.00 0.00 0.00 0.000 09:50:49.14
0 13 2.7 -2.7 7.872 8.241 -10.5 -4.6 17.9 36.7157108 -4.4908487 0.00 0.00 0.00 0.000 09:50:49.23
0 13 2.7 -2.7 8.733 8.241 -10.5 -4.6 18.2 36.7157108 -4.4908487 0.00 0.00 0.00 0.000 09:50:49.34
0 13 2.7 -2.7 8.364 7.626 -10.5 -4.6 18.4 36.7157108 -4.4908487 0.00 0.00 0.00 0.000 09:50:49.44
0 13 2.7 -2.7 8.856 8.856 -10.5 -4.5 18.7 36.7157108 -4.4908487 0.00 0.00 0.00 0.000 09:50:49.54
0 13 2.7 -2.7 8.487 8.118 -10.4 -4.5 18.9 36.7157108 -4.4908487 0.00 0.00 0.00 0.000 09:50:49.64
0 13 2.7 -2.7 9.471 9.963 -10.4 -4.5 19.2 36.7157108 -4.4908487 0.00 0.00 0.00 0.000 09:50:49.73
0 13 2.7 -2.7 9.348 7.749 -10.4 -4.5 19.4 36.7157108 -4.4908487 0.00 0.00 0.00 0.000 09:50:49.84
0 13 2.7 -2.7 9.594 7.995 -10.4 -4.4 19.7 36.7157108 -4.4908487 0.00 0.00 0.00 0.000 09:50:49.94
0 13 2.7 -2.7 8.118 7.011 -10.4 -4.4 20.0 36.7157108 -4.4908487 0.00 0.00 0.00 0.000 09:50:50.04
0 13 2.7 -2.7 7.380 8.856 -10.4 -4.3 20.2 36.7157108 -4.4908487 0.00 0.00 0.00 0.000 09:50:50.14
0 13 2.7 -2.7 9.840 7.626 -10.4 -4.3 20.5 36.7157108 -4.4908487 0.00 0.00 0.00 0.000 09:50:50.25
0 13 2.7 -2.7 8.118 5.412 -10.4 -4.3 20.8 36.7157108 -4.4908487 0.00 0.00 0.00 0.000 09:50:50.34
0 13 2.7 -2.7 7.749 6.888 -10.4 -4.3 21.0 36.7157108 -4.4908487 0.00 0.00 0.00 0.000 09:50:50.44
0 13 2.7 -2.7 9.717 6.888 -10.4 -4.3 21.3 36.7157108 -4.4908487 0.00 0.00 0.00 0.000 09:50:50.54
0 13 2.7 -2.7 8.856 10.086 -10.4 -4.3 21.6 36.7157108 -4.4908487 0.00 0.00 0.00 0.000 09:50:50.64
0 13 2.7 -2.7 9.471 7.872 -10.4 -4.2 21.8 36.7157108 -4.4908487 0.00 0.00 0.00 0.000 09:50:50.75
0 13 2.7 -2.7 10.086 8.733 -10.4 -4.2 22.1 36.7157108 -4.4908487 0.00 0.00 0.00 0.000 09:50:50.84
0 13 2.7 -2.7 7.134 8.118 -10.4 -4.2 22.3 36.7157108 -4.4908487 0.00 0.00 0.00 0.000 09:50:50.95
0 13 2.7 -2.7 7.995 6.888 -10.4 -4.1 22.5 36.7157108 -4.4908487 0.00 0.00 0.00 0.000 09:50:51.04
0 13 2.7 -2.7 7.626 6.027 -10.4 -4.1 22.8 36.7157108 -4.4908487 0.00 0.00 0.00 0.000 09:50:51.14
0 13 2.7 -2.3 6.765 7.872 -10.4 -4.2 23.0 36.7157108 -4.4908487 0.00 0.00 0.00 0.000 09:50:51.25
0 13 2.7 -2.3 7.380 8.733 -10.4 -4.1 23.3 36.7157108 -4.4908487 0.00 0.00 0.00 0.000 09:50:51.34
0 13 2.7 -2.3 8.118 8.610 -10.4 -4.1 23.5 36.7157108 -4.4908487 0.00 0.00 0.00 0.000 09:50:51.45
0 13 2.7 -2.3 9.225 9.225 -10.3 -4.1 23.8 36.7157108 -4.4908487 0.00 0.00 0.00 0.000 09:50:51.54
0 13 2.7 -2.3 9.840 7.749 -10.3 -4.1 24.0 36.7157108 -4.4908487 0.00 0.00 0.00 0.000 09:50:51.65
0 13 2.7 -2.3 9.840 5.781 -10.3 -4.1 24.2 36.7157108 -4.4908487 0.00 0.00 0.00 0.000 09:50:51.75
0 13 2.7 -2.3 10.209 6.519 -10.3 -4.0 24.5 36.7157108 -4.4908487 0.00 0.00 0.00 0.000 09:50:51.84
0 13 2.7 -2.3 8.241 8.487 -10.3 -4.0 24.7 36.7157108 -4.4908487 0.00 0.00 0.00 0.000 09:50:51.95
0 13 2.7 -2.3 8.856 8.241 -10.3 -4.0 24.9 36.7157108 -4.4908487 0.00 0.00 0.00 0.000 09:50:52.04
0 13 2.7 -2.3 9.348 8.979 -10.3 -4.0 25.2 36.7157108 -4.4908487 0.00 0.00 0.00 0.000 09:50:52.15
0 13 2.7 -2.3 10.086 10.209 -10.3 -4.0 25.4 36.7157108 -4.4908487 0.00 0.00 0.00 0.000 09:50:52.25
0 13 2.7 -2.3 10.086 9.471 -10.3 -4.0 25.6 36.7157108 -4.4908487 0.00 0.00 0.00 0.000 09:50:52.34
0 13 2.7 -2.3 10.455 10.209 -10.3 -4.0 25.8 36.7157108 -4.4908487 0.00 0.00 0.00 0.000 09:50:52.45
0 13 2.7 -2.3 9.348 6.027 -10.3 -4.0 26.0 36.7157108 -4.4908487 0.00 0.00 0.00 0.000 09:50:52.54
0 13 2.7 -2.3 10.701 5.166 -10.3 -3.9 26.2 36.7157108 -4.4908487 0.00 0.00 0.00 0.000 09:50:52.65
0 13 2.7 -2.3 9.348 6.519 -10.3 -3.9 26.5 36.7157108 -4.4908487 0.00 0.00 0.00 0.000 09:50:52.75
0 13 2.7 -2.3 10.701 7.626 -10.3 -3.8 26.7 36.7157108 -4.4908487 0.00 0.00 0.00 0.000 09:50:52.86
0 13 2.7 -2.3 9.348 8.241 -10.3 -3.8 26.9 36.7157108 -4.4908487 0.00 0.00 0.00 0.000 09:50:52.95
0 13 2.7 -2.3 9.471 7.626 -10.3 -3.8 27.1 36.7157108 -4.4908487 0.00 0.00 0.00 0.000 09:50:53.04
0 13 2.7 -2.3 8.610 6.642 -10.3 -3.8 27.4 36.7157108 -4.4908487 0.00 0.00 0.00 0.000 09:50:53.15
0 13 2.7 -2.3 11.070 6.150 -10.3 -3.8 27.6 36.7157108 -4.4908487 0.00 0.00 0.00 0.000 09:50:53.25
0 13 2.7 -2.3 9.963 5.535 -10.3 -3.9 27.8 36.7157108 -4.4908487 0.00 0.00 0.00 0.000 09:50:53.36
0 13 2.7 -2.3 7.995 10.578 -10.3 -3.9 28.0 36.7157108 -4.4908487 0.00 0.00 0.00 0.000 09:50:53.45
0 13 2.7 -2.3 6.765 6.765 -10.3 -3.8 28.2 36.7157108 -4.4908487 0.00 0.00 0.00 0.000 09:50:53.56
0 13 2.7 -2.3 9.225 5.904 -10.3 -3.8 28.4 36.7157108 -4.4908487 0.00 0.00 0.00 0.000 09:50:53.65
0 13 2.7 -2.3 9.225 5.289 -10.3 -3.8 28.6 36.7157108 -4.4908487 0.00 0.00 0.00 0.000 09:50:53.75
0 14 2.7 -2.3 8.487 8.364 -10.3 -3.7 28.8 36.7157108 -4.4908487 0.00 0.00 0.00 0.000 09:50:53.86
0 14 2.7 -2.3 14.760 7.626 -10.3 -3.8 29.0 36.7157108 -4.4908487 0.00 0.00 0.00 0.000 09:50:53.95
0 14 2.7 -2.3 10.701 10.332 -10.3 -3.7 29.3 36.7157108 -4.4908487 0.00 0.00 0.00 0.000 09:50:54.06
0 14 2.7 -2.3 12.792 5.781 -10.3 -3.7 29.6 36.7157108 -4.4908487 0.00 0.00 0.00 0.000 09:50:54.15
0 14 2.7 -2.3 10.578 6.150 -10.2 -3.7 29.9 36.7157108 -4.4908487 0.00 0.00 0.00 0.000 09:50:54.26
0 14 2.7 -2.3 8.979 8.241 -10.2 -3.7 30.2 36.7157108 -4.4908487 0.00 0.00 0.00 0.000 09:50:54.36
0 14 2.7 -2.3 10.824 9.225 -10.2 -3.6 30.5 36.7157108 -4.4908487 0.00 0.00 0.00 0.000 09:50:54.45
0 14 2.7 -2.3 9.963 8.979 -10.3 -3.6 30.9 36.7157108 -4.4908487 0.00 0.00 0.00 0.000 09:50:54.56
0 14 2.7 -2.3 8.487 7.626 -10.3 -3.5 31.1 36.7157108 -4.4908487 0.00 0.00 0.00 0.000 09:50:54.65
0 14 2.7 -2.3 11.562 10.824 -10.3 -3.5 31.4 36.7157108 -4.4908487 0.00 0.00 0.00 0.000 09:50:54.76
0 14 2.7 -2.3 9.840 7.626 -10.3 -3.5 31.7 36.7157108 -4.4908487 0.00 0.00 0.00 0.000 09:50:54.86
0 14 2.7 -2.3 8.364 9.102 -10.2 -3.5 32.0 36.7157108 -4.4908487 0.00 0.00 0.00 0.000 09:50:54.97
0 14 2.7 -2.3 9.102 6.642 -10.2 -3.5 32.2 36.7157108 -4.4908487 0.00 0.00 0.00 0.000 09:50:55.06
0 14 2.7 -2.3 9.225 6.519 -10.2 -3.5 32.5 36.7157108 -4.4908487 0.00 0.00 0.00 0.000 09:50:55.15
0 14 2.7 -2.3 8.856 7.380 -10.2 -3.4 32.7 36.7157108 -4.4908487 0.00 0.00 0.00 0.000 09:50:55.26
0 14 2.7 -2.3 12.546 8.118 -10.2 -3.4 33.0 36.7157108 -4.4908487 0.00 0.00 0.00 0.000 09:50:55.36
0 14 2.7 -2.3 11.439 7.134 -10.2 -3.3 33.2 36.7157108 -4.4908487 0.00 0.00 0.00 0.000 09:50:55.47
0 14 2.7 -2.3 10.701 4.797 -10.3 -3.3 33.4 36.7157108 -4.4908487 0.00 0.00 0.00 0.000 09:50:55.56
0 14 2.7 -2.3 10.209 7.380 -10.2 -3.3 33.7 36.7157108 -4.4908487 0.00 0.00 0.00 0.000 09:50:55.67
0 14 2.7 -2.3 13.530 7.749 -10.2 -3.3 34.0 36.7157108 -4.4908487 0.00 0.00 0.00 0.000 09:50:55.76
0 14 2.7 -2.3 9.225 7.995 -10.2 -3.3 34.3 36.7157108 -4.4908487 0.00 0.00 0.00 0.000 09:50:55.86
1 14 2.7 -2.3 10.578 7.503 -10.2 -3.3 34.4 36.7157108 -4.4908487 0.00 0.00 0.00 0.000 09:50:55.97
1 14 2.7 -2.3 13.407 6.396 -10.2 -3.3 34.7 36.7157108 -4.4908487 0.00 0.00 0.00 0.000 09:50:56.06
1 14 2.7 -2.3 12.669 9.840 -10.3 -3.2 34.9 36.7157108 -4.4908487 0.00 0.00 0.00 0.000 09:50:56.17
1 14 2.7 -3.4 10.332 8.118 -10.3 -3.2 35.1 36.7157108 -4.4908487 0.00 0.00 0.00 0.000 09:50:56.26
1 14 2.7 -3.4 12.300 8.610 -10.3 -3.2 35.3 36.7157108 -4.4908487 0.00 0.00 0.00 0.000 09:50:56.36
1 14 2.7 -3.4 11.685 7.257 -10.3 -3.2 35.5 36.7157108 -4.4908487 0.00 0.00 0.00 0.000 09:50:56.47
1 14 2.7 -3.4 11.193 8.487 -10.3 -3.2 35.7 36.7157108 -4.4908487 0.00 0.00 0.00 0.000 09:50:56.56
1 14 2.7 -3.4 10.947 7.995 -10.2 -3.2 35.9 36.7157108 -4.4908487 0.00 0.00 0.00 0.000 09:50:56.67
1 14 2.7 -3.4 10.701 4.797 -10.2 -3.2 36.1 36.7157108 -4.4908487 0.00 0.00 0.00 0.000 09:50:56.76
1 14 2.7 -3.4 12.177 7.380 -10.2 -3.2 36.2 36.7157108 -4.4908487 0.00 0.00 0.00 0.000 09:50:56.87
1 14 2.7 -3.4 11.439 8.487 -10.2 -3.1 36.4 36.7157108 -4.4908487 0.00 0.00 0.00 0.000 09:50:56.97
1 14 2.7 -3.4 11.808 8.118 -10.2 -3.1 36.6 36.7157108 -4.4908487 0.00 0.00 0.00 0.000 09:50:57.06
1 14 2.7 -3.4 11.931 8.487 -10.2 -3.0 36.8 36.7157108 -4.4908487 0.00 0.00 0.00 0.000 09:50:57.17
1 14 2.7 -3.4 10.455 7.995 -10.2 -3.0 36.9 36.7157108 -4.4908487 0.00 0.00 0.00 0.000 09:50:57.26
1 14 2.7 -3.4 11.439 5.412 -10.2 -3.0 37.1 36.7157108 -4.4908487 0.00 0.00 0.00 0.000 09:50:57.37
1 14 2.7 -3.4 13.284 5.658 -10.2 -3.0 37.2 36.7157108 -4.4908487 0.00 0.00 0.00 0.000 09:50:57.47
1 14 2.7 -3.4 14.022 8.610 -10.2 -3.1 37.4 36.7157108 -4.4908487 0.00 0.00 0.00 0.000 09:50:57.58
1 14 2.7 -3.4 11.439 9.471 -10.2 -3.1 37.6 36.7157108 -4.4908487 0.00 0.00 0.00 0.000 09:50:57.67
1 14 2.7 -3.4 12.054 6.642 -10.1 -3.0 37.8 36.7157108 -4.4908487 0.00 0.00 0.00 0.000 09:50:57.76
1 14 2.7 -3.4 13.038 8.610 -10.1 -3.0 37.9 36.7157108 -4.4908487 0.00 0.00 0.00 0.000 09:50:57.87
1 14 2.7 -3.4 10.086 7.503 -10.1 -3.0 38.0 36.7157108 -4.4908487 0.00 0.00 0.00 0.000 09:50:57.97
1 14 2.7 -3.4 12.423 9.225 -10.1 -2.9 38.2 36.7157108 -4.4908487 0.00 0.00 0.00 0.000 09:50:58.08
1 14 2.7 -3.4 14.022 8.610 -10.1 -2.9 38.3 36.7157108 -4.4908487 0.00 0.00 0.00 0.000 09:50:58.17
1 14 2.7 -3.4 11.562 7.503 -10.1 -2.9 38.5 36.7157108 -4.4908487 0.00 0.00 0.00 0.000 09:50:58.28
1 14 2.7 -3.4 12.546 5.535 -10.1 -2.9 38.6 36.7157108 -4.4908487 0.00 0.00 0.00 0.000 09:50:58.37
1 14 2.7 -3.4 11.193 5.781 -10.1 -2.9 38.7 36.7157108 -4.4908487 0.00 0.00 0.00 0.000 09:50:58.48
1 14 2.7 -3.4 10.209 7.503 -10.0 -2.9 38.8 36.7157108 -4.4908487 0.00 0.00 0.00 0.000 09:50:58.58
1 14 2.7 -3.4 11.931 5.658 -10.0 -2.9 39.0 36.7157108 -4.4908487 0.00 0.00 0.00 0.000 09:50:58.67
1 14 2.7 -3.4 12.915 7.626 -10.0 -2.9 39.0 36.7157108 -4.4908487 0.00 0.00 0.00 0.000 09:50:58.78
1 14 2.7 -3.4 13.038 7.626 -10.0 -2.8 39.1 36.7157108 -4.4908487 0.00 0.00 0.00 0.000 09:50:58.87
1 14 2.7 -3.4 11.439 6.642 -9.9 -2.9 39.2 36.7157108 -4.4908487 0.00 0.00 0.00 0.000 09:50:58.98
1 14 2.7 -3.4 13.038 7.503 -10.0 -2.8 39.3 36.7157108 -4.4908487 0.00 0.00 0.00 0.000 09:50:59.08
1 14 2.7 -3.4 11.562 7.749 -9.9 -2.8 39.4 36.7157108 -4.4908487 0.00 0.00 0.00 0.000 09:50:59.17
1 14 2.7 -3.4 11.562 9.102 -9.9 -2.8 39.4 36.7157108 -4.4908487 0.00 0.00 0.00 0.000 09:50:59.28
1 14 2.7 -3.4 15.375 8.610 -9.9 -2.8 39.5 36.7157108 -4.4908487 0.00 0.00 0.00 0.000 09:50:59.37
1 14 2.7 -3.4 12.792 11.439 -9.9 -2.9 39.5 36.7157108 -4.4908487 0.00 0.00 0.00 0.000 09:50:59.48
1 14 2.7 -3.4 13.284 8.241 -9.9 -2.9 39.6 36.7157108 -4.4908487 0.00 0.00 0.00 0.000 09:50:59.58
1 14 2.7 -3.4 13.653 8.487 -9.8 -2.9 39.6 36.7157108 -4.4908487 0.00 0.00 0.00 0.000 09:50:59.67
1 14 2.7 -3.4 14.268 7.503 -9.8 -2.9 39.6 36.7157108 -4.4908487 0.00 0.00 0.00 0.000 09:50:59.78
1 14 2.7 -3.4 11.316 8.364 -9.8 -2.8 39.7 36.7157108 -4.4908487 0.00 0.00 0.00 0.000 09:50:59.87
1 14 2.7 -3.4 12.177 9.471 -9.8 -2.8 39.6 36.7157108 -4.4908487 0.00 0.00 0.00 0.000 09:50:59.98
1 14 2.7 -3.4 14.268 8.610 -9.8 -2.7 39.6 36.7157108 -4.4908487 0.00 0.00 0.00 0.000 09:51:00.08
1 14 2.7 -3.4 10.947 8.856 -9.8 -2.7 39.6 36.7157108 -4.4908487 0.00 0.00 0.00 0.000 09:51:00.17
1 14 2.7 -3.4 15.867 5.535 -9.7 -2.8 39.6 36.7157108 -4.4908487 0.00 0.00 0.00 0.000 09:51:00.28
1 14 2.7 -3.4 11.808 10.332 -9.7 -2.8 39.6 36.7157108 -4.4908487 0.00 0.00 0.00 0.000 09:51:00.37
1 14 2.7 -3.4 14.883 8.610 -9.6 -2.8 39.7 36.7157108 -4.4908487 0.00 0.00 0.00 0.000 09:51:00.48
1 14 2.7 -3.4 10.578 9.348 -9.6 -2.8 39.7 36.7157108 -4.4908487 0.00 0.00 0.00 0.000 09:51:00.58
1 14 2.7 -3.4 11.316 9.717 -9.6 -2.7 39.6 36.7157108 -4.4908487 0.00 0.00 0.00 0.000 09:51:00.69
1 14 2.7 -3.4 13.776 5.412 -9.6 -2.6 39.6 36.7157108 -4.4908487 0.00 0.00 0.00 0.000 09:51:00.78
1 14 2.7 -3.4 10.086 6.519 -9.5 -2.6 39.6 36.7157108 -4.4908487 0.00 0.00 0.00 0.000 09:51:00.87
1 14 2.7 -3.4 14.145 8.733 -9.5 -2.6 39.5 36.7157108 -4.4908487 0.00 0.00 0.00 0.000 09:51:00.98
1 14 2.7 -3.4 12.300 10.332 -9.5 -2.6 39.4 36.7157108 -4.4908487 0.00 0.00 0.00 0.000 09:51:01.08
1 14 2.7 -3.4 13.284 9.102 -9.4 -2.7 39.3 36.7157108 -4.4908487 0.00 0.00 0.00 0.000 09:51:01.19
1 14 2.7 -3.8 9.348 9.348 -9.4 -2.7 39.3 36.7157108 -4.4908487 0.00 0.00 0.00 0.000 09:51:01.28
1 14 2.7 -3.8 9.840 7.872 -9.4 -2.6 39.2 36.7157108 -4.4908487 0.00 0.00 0.00 0.000 09:51:01.37
1 14 2.7 -3.8 8.487 7.134 -9.4 -2.6 39.1 36.7157108 -4.4908487 0.00 0.00 0.00 0.000 09:51:01.48
1 14 2.7 -3.8 9.471 7.626 -9.3 -2.6 39.0 36.7157108 -4.4908487 0.00 0.00 0.00 0.000 09:51:01.58
1 14 2.7 -3.8 8.241 8.610 -9.3 -2.6 38.8 36.7157108 -4.4908487 0.00 0.00 0.00 0.000 09:51:01.69
1 14 2.7 -3.8 7.872 7.749 -9.3 -2.5 38.7 36.7157108 -4.4908487 0.00 0.00 0.00 0.000 09:51:01.78
1 14 2.7 -3.8 7.872 6.273 -9.2 -2.5 38.6 36.7157108 -4.4908487 0.00 0.00 0.00 0.000 09:51:01.89
1 14 2.7 -3.8 9.102 9.594 -9.2 -2.5 38.4 36.7157108 -4.4908487 0.00 0.00 0.00 0.000 09:51:01.98
1 14 2.7 -3.8 9.102 6.027 -9.2 -2.5 38.2 36.7157108 -4.4908487 0.00 0.00 0.00 0.000 09:51:02.08
1 14 2.7 -3.8 6.150 8.118 -9.2 -2.5 38.0 36.7157108 -4.4908487 0.00 0.00 0.00 0.000 09:51:02.19
1 14 2.7 -3.8 8.241 8.856 -9.2 -2.6 37.8 36.7157108 -4.4908487 0.00 0.00 0.00 0.000 09:51:02.28
1 14 2.7 -3.8 8.610 8.364 -9.1 -2.6 37.6 36.7157108 -4.4908487 0.00 0.00 0.00 0.000 09:51:02.39
1 14 2.7 -3.8 7.257 8.364 -9.1 -2.6 37.4 36.7157108 -4.4908487 0.00 0.00 0.00 0.000 09:51:02.48
1 14 2.7 -3.8 9.348 7.380 -9.1 -2.6 37.2 36.7157108 -4.4908487 0.00 0.00 0.00 0.000 09:51:02.58
1 14 2.7 -3.8 6.765 7.872 -9.1 -2.6 36.9 36.7157108 -4.4908487 0.00 0.00 0.00 0.000 09:51:02.69
1 14 2.7 -3.8 7.134 8.241 -9.1 -2.6 36.7 36.7157108 -4.4908487 0.00 0.00 0.00 0.000 09:51:02.78
1 14 2.7 -3.8 7.872 8.979 -9.1 -2.6 36.5 36.7157108 -4.4908487 0.00 0.00 0.00 0.000 09:51:02.89
1 14 2.7 -3.8 8.733 7.134 -9.1 -2.6 36.3 36.7157108 -4.4908487 0.00 0.00 0.00 0.000 09:51:02.98
1 14 2.7 -3.8 8.610 8.241 -9.1 -2.6 36.0 36.7157108 -4.4908487 0.00 0.00 0.00 0.000 09:51:03.08
1 14 2.7 -3.8 7.257 9.840 -9.1 -2.7 35.8 36.7157108 -4.4908487 0.00 0.00 0.00 0.000 09:51:03.19
0 11 2.7 -3.8 9.471 7.749 -9.1 -2.7 35.5 36.7157108 -4.4908487 0.00 0.00 0.00 0.000 09:51:03.28
0 1 2.7 -3.8 5.289 7.995 -9.0 -2.7 35.2 36.7157108 -4.4908487 0.00 0.00 0.00 0.000 09:51:03.39
0 1 2.7 -3.8 7.380 4.920 -9.0 -2.7 34.8 36.7157108 -4.4908487 0.00 0.00 0.00 0.000 09:51:03.48
0 1 2.7 -3.8 4.428 5.781 -9.0 -2.8 34.3 36.7157108 -4.4908487 0.00 0.00 0.00 0.000 09:51:03.59
0 1 2.7 -3.8 6.765 8.487 -9.0 -2.9 33.2 36.7157108 -4.4908487 0.00 0.00 0.00 0.000 09:51:03.69
0 1 2.7 -3.8 8.733 7.995 -8.9 -3.0 32.4 36.7157108 -4.4908487 0.00 0.00 0.00 0.000 09:51:03.78
0 1 2.7 -3.8 6.765 9.840 -8.9 -3.1 31.4 36.7157108 -4.4908487 0.00 0.00 0.00 0.000 09:51:03.89
0 0 2.7 -3.8 7.134 9.225 -8.9 -3.3 30.4 36.7157108 -4.4908487 0.00 0.00 0.00 0.000 09:51:03.98
0 0 2.7 -3.8 7.995 6.642 -8.8 -3.4 29.4 36.7157108 -4.4908487 0.00 0.00 0.00 0.000 09:51:04.09
0 0 2.7 -3.8 2.214 0.738 -8.8 -3.5 28.4 36.7157108 -4.4908487 0.00 0.00 0.00 0.000 09:51:04.19
0 0 2.7 -3.8 0.738 0.615 -8.7 -3.7 27.2 36.7157108 -4.4908487 0.00 0.00 0.00 0.000 09:51:04.28
0 0 2.7 -3.8 -0.123 -0.123 -8.7 -3.8 26.2 36.7157108 -4.4908487 0.00 0.00 0.00 0.000 09:51:04.39
0 0 2.7 -3.8 -0.246 -0.123 -8.7 -3.9 25.2 36.7157108 -4.4908487 0.00 0.00 0.00 0.000 09:51:04.48
0 0 2.7 -3.8 0.369 0.123 -8.6 -4.0 24.2 36.7157108 -4.4908487 0.00 0.00 0.00 0.000 09:51:04.59
0 0 2.7 -3.8 -0.738 -0.492 -8.6 -4.2 23.2 36.7157108 -4.4908487 0.00 0.00 0.00 0.000 09:51:04.69
0 0 2.7 -3.8 0.246 -0.246 -8.6 -4.3 22.3 36.7157108 -4.4908487 0.00 0.00 0.00 0.000 09:51:04.79
0 0 2.7 -3.8 -0.369 0.000 -8.5 -4.4 21.3 36.7157108 -4.4908487 0.00 0.00 0.00 0.000 09:51:04.89
0 0 2.7 -3.8 -0.738 -0.369 -8.5 -4.5 20.4 36.7157108 -4.4908487 0.00 0.00 0.00 0.000 09:51:04.98
0 0 2.7 -3.8 -0.123 0.000 -8.5 -4.7 19.5 36.7157108 -4.4908487 0.00 0.00 0.00 0.000 09:51:05.09
0 0 2.7 -3.8 -0.369 -0.369 -8.4 -4.8 18.6 36.7157108 -4.4908487 0.00 0.00 0.00 0.000 09:51:05.19
0 0 2.7 -3.8 0.369 0.000 -8.4 -4.9 17.7 36.7157108 -4.4908487 0.00 0.00 0.00 0.000 09:51:05.29
0 0 2.7 -3.8 -0.738 -0.369 -8.3 -5.0 16.7 36.7157108 -4.4908487 0.00 0.00 0.00 0.000 09:51:05.39
0 0 2.7 -3.8 -0.615 0.000 -8.3 -5.1 15.9 36.7157108 -4.4908487 0.00 0.00 0.00 0.000 09:51:05.48
0 0 2.7 -3.8 -0.369 -0.615 -8.3 -5.2 15.0 36.7157108 -4.4908487 0.00 0.00 0.00 0.000 09:51:05.59
0 0 2.7 -3.8 -0.123 -0.246 -8.2 -5.3 14.2 36.7157108 -4.4908487 0.00 0.00 0.00 0.000 09:51:05.69
0 0 2.7 -3.8 0.123 -0.246 -8.2 -5.4 13.3 36.7157108 -4.4908487 0.00 0.00 0.00 0.000 09:51:05.79
0 0 2.7 -3.8 -0.369 -0.984 -8.2 -5.5 12.5 36.7157108 -4.4908487 0.00 0.00 0.00 0.000 09:51:05.89
0 0 2.7 -3.8 -0.369 0.000 -8.1 -5.6 11.7 36.7157108 -4.4908487 0.00 0.00 0.00 0.000 09:51:06.00
0 0 2.7 -3.8 0.000 -0.738 -8.1 -5.7 10.9 36.7157108 -4.4908487 0.00 0.00 0.00 0.000 09:51:06.09
0 0 2.7 -3.8 -0.369 -0.123 -8.1 -5.8 10.2 36.7157108 -4.4908487 0.00 0.00 0.00 0.000 09:51:06.19
0 0 0.0 0.0 0.000 -0.861 -8.0 -5.9 9.4 36.7157108 -4.4908487 0.00 0.00 0.00 0.000 09:51:06.29
0 0 0.0 0.0 -0.369 -0.123 -8.0 -6.0 8.6 36.7157108 -4.4908487 0.00 0.00 0.00 0.000 09:51:06.39
0 0 0.0 0.0 0.123 -0.123 -8.0 -6.1 7.9 36.7157108 -4.4908487 0.00 0.00 0.00 0.000 09:51:06.50
0 0 0.0 0.0 0.000 -0.369 -8.0 -6.2 7.2 36.7157108 -4.4908487 0.00 0.00 0.00 0.000 09:51:06.59
0 0 0.0 0.0 0.246 -0.738 -7.9 -6.3 6.4 36.7157108 -4.4908487 0.00 0.00 0.00 0.000 09:51:06.70
0 0 0.0 0.0 -0.123 -0.738 -7.9 -6.4 5.7 36.7157108 -4.4908487 0.00 0.00 0.00 0.000 09:51:06.79
0 0 0.0 0.0 -0.492 0.615 -7.9 -6.5 5.1 36.7157108 -4.4908487 0.00 0.00 0.00 0.000 09:51:06.89
0 0 0.0 0.0 0.369 -0.615 -7.8 -6.6 4.4 36.7157108 -4.4908487 0.00 0.00 0.00 0.000 09:51:07.00
0 0 0.0 0.0 -0.369 0.123 -7.8 -6.7 3.8 36.7157108 -4.4908487 0.00 0.00 0.00 0.000 09:51:07.09
0 0 0.0 0.0 -0.738 -0.246 -7.8 -6.8 3.1 36.7157108 -4.4908487 0.00 0.00 0.00 0.000 09:51:07.20
0 0 0.0 0.0 -0.738 0.000 -7.8 -6.9 2.5 36.7157108 -4.4908487 0.00 0.00 0.00 0.000 09:51:07.29
0 0 0.0 0.0 -0.246 -0.615 -7.7 -7.0 1.8 36.7157108 -4.4908487 0.00 0.00 0.00 0.000 09:51:07.40
0 0 0.0 0.0 -0.615 -1.230 -7.7 -7.0 1.2 36.7157108 -4.4908487 0.00 0.00 0.00 0.000 09:51:07.50
0 0 0.0 0.0 -0.615 -0.738 -7.7 -7.1 0.6 36.7157108 -4.4908487 0.00 0.00 0.00 0.000 09:51:07.59
0 0 0.0 0.0 -0.123 -0.369 -7.6 -7.2 0.0 36.7157108 -4.4908487 0.00 0.00 0.00 0.000 09:51:07.70
0 0 0.0 0.0 -0.615 0.369 -7.6 -7.3 -0.5 36.7157108 -4.4908487 0.00 0.00 0.00 0.000 09:51:07.79
0 0 0.0 0.0 -0.615 -0.861 -7.6 -7.4 -1.1 36.7157108 -4.4908487 0.00 0.00 0.00 0.000 09:51:07.90
0 0 0.0 0.0 -0.738 0.123 -7.5 -7.5 -1.7 36.7157108 -4.4908487 0.00 0.00 0.00 0.000 09:51:08.00
0 0 0.0 0.0 -0.246 0.123 -7.5 -7.5 -2.2 36.7157108 -4.4908487 0.00 0.00 0.00 0.000 09:51:08.11
0 0 0.0 0.0 0.000 0.000 -7.5 -7.6 -2.7 36.7157108 -4.4908487 0.00 0.00 0.00 0.000 09:51:08.20
0 0 0.0 0.0 0.123 -0.369 -7.5 -7.7 -3.3 36.7157108 -4.4908487 0.00 0.00 0.00 0.000 09:51:08.29
0 0 0.0 0.0 -0.615 -0.984 -7.5 -7.8 -3.8 36.7157108 -4.4908487 0.00 0.00 0.00 0.000 09:51:08.40
0 0 0.0 0.0 -0.123 0.000 -7.4 -7.9 -4.2 36.7157108 -4.4908487 0.00 0.00 0.00 0.000 09:51:08.50
0 0 0.0 0.0 -0.123 -0.123 -7.4 -7.9 -4.7 36.7157108 -4.4908487 0.00 0.00 0.00 0.000 09:51:08.61
0 0 0.0 0.0 -0.369 -0.123 -7.4 -8.0 -5.2 36.7157108 -4.4908487 0.00 0.00 0.00 0.000 09:51:08.70
0 0 0.0 0.0 -0.492 -0.246 -7.4 -8.1 -5.7 36.7157108 -4.4908487 0.00 0.00 0.00 0.000 09:51:08.81
0 0 0.0 0.0 0.000 -0.246 -7.3 -8.2 -6.2 36.7157108 -4.4908487 0.00 0.00 0.00 0.000 09:51:08.90
0 0 0.0 0.0 -0.123 -0.738 -7.3 -8.3 -6.7 36.7157108 -4.4908487 0.00 0.00 0.00 0.000 09:51:09.00
0 0 0.0 0.0 0.246 0.246 -7.3 -8.3 -7.1 36.7157108 -4.4908487 0.00 0.00 0.00 0.000 09:51:09.11
