0 0 0.0 0.0 -0.615 -0.369 -2.1 -14.6 12.1 36.7157915 -4.4891121 0.00 212.09 0.05 0.011 11:32:17.29
0 0 0.0 0.0 -0.123 -0.738 -2.2 -14.7 12.1 36.7157915 -4.4891121 0.00 79.42 0.04 0.011 11:32:17.39
0 0 0.0 0.0 -0.738 -0.369 -2.2 -14.7 12.1 36.7157915 -4.4891121 0.00 79.42 0.04 0.011 11:32:17.50
0 0 0.0 0.0 -0.123 -0.738 -2.2 -14.7 12.1 36.7157916 -4.4891121 0.00 315.62 0.08 0.011 11:32:17.59
0 0 0.0 0.0 -0.246 -0.615 -2.2 -14.7 12.0 36.7157916 -4.4891121 0.00 315.62 0.08 0.011 11:32:17.68
0 0 0.0 0.0 -0.123 -0.615 -2.2 -14.7 12.0 36.7157915 -4.4891121 0.00 161.89 0.08 0.011 11:32:17.79
0 0 0.0 0.0 -0.615 -0.123 -2.2 -14.7 12.0 36.7157915 -4.4891121 0.00 161.89 0.08 0.011 11:32:17.89
0 0 0.0 0.0 0.123 -0.246 -2.2 -14.7 12.0 36.7157915 -4.4891121 0.00 281.35 0.02 0.011 11:32:18.00
0 0 0.0 0.0 -0.246 -0.738 -2.2 -14.7 12.0 36.7157915 -4.4891121 0.00 281.35 0.02 0.011 11:32:18.09
0 0 0.0 0.0 -0.246 0.369 -2.2 -14.7 12.0 36.7157915 -4.4891121 0.00 48.03 0.04 0.011 11:32:18.18
0 0 0.0 0.0 -0.738 -0.123 -2.2 -14.7 11.9 36.7157915 -4.4891121 0.00 48.03 0.04 0.011 11:32:18.29
0 0 0.0 0.0 0.000 -0.369 -2.2 -14.8 11.9 36.7157915 -4.4891121 0.00 265.92 0.03 0.010 11:32:18.39
0 0 0.0 0.0 -0.492 -0.492 -2.2 -14.8 11.9 36.7157915 -4.4891121 0.00 265.92 0.03 0.010 11:32:18.50
0 0 0.0 0.0 -0.615 -0.738 -2.2 -14.8 11.9 36.7157915 -4.4891121 0.00 143.55 0.02 0.010 11:32:18.59
0 0 0.0 0.0 -0.369 0.000 -2.2 -14.8 11.9 36.7157915 -4.4891121 0.00 143.55 0.02 0.010 11:32:18.68
0 0 0.0 0.0 -0.369 -0.492 -2.2 -14.8 11.9 36.7157916 -4.4891121 0.00 335.99 0.07 0.010 11:32:18.79
0 0 0.0 0.0 0.246 -0.615 -2.2 -14.8 11.8 36.7157916 -4.4891121 0.00 335.99 0.07 0.010 11:32:18.89
0 0 0.0 0.0 -0.369 -0.615 -2.2 -14.8 11.8 36.7157915 -4.4891121 0.00 148.71 0.10 0.010 11:32:19.00
0 0 0.0 0.0 -0.492 -0.861 -2.2 -14.8 11.8 36.7157915 -4.4891121 0.00 148.71 0.10 0.010 11:32:19.09
0 0 0.0 0.0 -0.246 -0.615 -2.2 -14.8 11.8 36.7157916 -4.4891121 0.00 341.72 0.15 0.010 11:32:19.20
0 0 0.0 0.0 0.492 -0.246 -2.2 -14.8 11.8 36.7157916 -4.4891121 0.00 341.72 0.15 0.010 11:32:19.29
0 0 0.0 0.0 -0.123 -0.246 -2.2 -14.8 11.8 36.7157916 -4.4891121 0.00 181.45 0.07 0.011 11:32:19.39
0 0 0.0 0.0 -0.615 0.000 -2.3 -14.8 11.8 36.7157916 -4.4891121 0.00 181.45 0.07 0.011 11:32:19.50
0 0 0.0 0.0 -0.738 -0.492 -2.3 -14.8 11.8 36.7157915 -4.4891121 0.00 163.63 0.01 0.011 11:32:19.59
0 0 0.0 0.0 0.000 -0.369 -2.3 -14.8 11.8 36.7157915 -4.4891121 0.00 163.63 0.01 0.011 11:32:19.70
0 0 0.0 0.0 0.246 -0.615 -2.3 -14.8 11.8 36.7157916 -4.4891121 0.00 325.81 0.04 0.011 11:32:19.79
0 0 0.0 0.0 -0.615 -0.246 -2.3 -14.8 11.7 36.7157916 -4.4891121 0.00 325.81 0.04 0.011 11:32:19.89
0 0 0.0 0.0 -0.861 -0.369 -2.3 -14.8 11.7 36.7157915 -4.4891121 0.00 208.04 0.05 0.011 11:32:20.00
0 0 0.0 0.0 -0.492 -0.246 -2.3 -14.8 11.7 36.7157915 -4.4891121 0.00 208.04 0.05 0.011 11:32:20.09
0 0 0.0 0.0 -0.123 0.246 -2.3 -14.9 11.7 36.7157915 -4.4891121 0.00 113.82 0.03 0.011 11:32:20.20
0 0 0.0 0.0 0.492 -0.492 -2.3 -14.9 11.7 36.7157915 -4.4891121 0.00 113.82 0.03 0.011 11:32:20.29
0 0 0.0 0.0 -0.615 -0.246 -2.3 -14.9 11.7 36.7157915 -4.4891121 0.00 343.30 0.08 0.011 11:32:20.39
0 0 0.0 0.0 -0.123 -0.738 -2.3 -14.9 11.6 36.7157915 -4.4891121 0.00 343.30 0.08 0.011 11:32:20.50
0 0 0.0 0.0 0.492 -0.738 -2.3 -14.9 11.6 36.7157915 -4.4891120 0.00 132.50 0.06 0.011 11:32:20.59
0 0 0.0 0.0 0.123 -0.246 -2.3 -14.9 11.6 36.7157915 -4.4891120 0.00 132.50 0.06 0.011 11:32:20.70
0 0 0.0 0.0 -0.369 -0.369 -2.3 -14.9 11.6 36.7157915 -4.4891121 0.00 253.51 0.08 0.011 11:32:20.79
0 0 0.0 0.0 0.123 -0.492 -2.3 -14.9 11.6 36.7157915 -4.4891121 0.00 307.54 0.05 0.011 11:32:20.90
0 0 0.0 0.0 0.000 -0.492 -2.4 -14.9 11.6 36.7157915 -4.4891121 0.00 307.54 0.05 0.011 11:32:21.00
0 0 0.0 0.0 0.492 0.000 -2.4 -14.9 11.6 36.7157916 -4.4891121 0.00 29.20 0.06 0.011 11:32:21.10
0 0 0.0 0.0 -0.492 -0.246 -2.3 -14.9 11.6 36.7157916 -4.4891121 0.00 29.20 0.06 0.011 11:32:21.20
0 0 0.0 0.0 -0.246 -0.123 -2.3 -14.9 11.6 36.7157916 -4.4891121 0.00 29.20 0.06 0.011 11:32:21.29
0 0 0.0 0.0 -1.107 -0.123 -2.3 -14.9 11.6 36.7157915 -4.4891121 0.00 168.04 0.12 0.011 11:32:21.40
0 0 0.0 0.0 0.000 -0.369 -2.3 -15.0 11.6 36.7157915 -4.4891120 0.00 20.13 0.06 0.011 11:32:21.50
0 0 0.0 0.0 0.246 0.000 -2.3 -15.0 11.5 36.7157915 -4.4891120 0.00 20.13 0.06 0.011 11:32:21.60
0 0 0.0 0.0 -0.492 -0.123 -2.3 -15.0 11.5 36.7157915 -4.4891121 0.00 310.10 0.03 0.011 11:32:21.70
0 0 0.0 0.0 0.123 -0.246 -2.3 -15.0 11.5 36.7157915 -4.4891121 0.00 310.10 0.03 0.011 11:32:21.79
0 0 0.0 0.0 -0.123 0.246 -2.3 -15.0 11.5 36.7157915 -4.4891121 0.00 216.03 0.05 0.011 11:32:21.90
0 0 0.0 0.0 -0.123 -0.738 -2.3 -15.0 11.5 36.7157915 -4.4891121 0.00 216.03 0.05 0.011 11:32:22.00
0 0 0.0 0.0 -0.369 0.000 -2.3 -15.0 11.5 36.7157915 -4.4891121 0.00 37.84 0.07 0.011 11:32:22.10
0 0 0.0 0.0 0.246 -0.246 -2.3 -15.0 11.5 36.7157915 -4.4891121 0.00 37.84 0.07 0.011 11:32:22.20
0 0 0.0 0.0 0.123 -0.369 -2.3 -15.0 11.5 36.7157915 -4.4891121 0.00 37.84 0.07 0.011 11:32:22.31
0 0 0.0 0.0 -0.369 -0.123 -2.3 -15.0 11.5 36.7157915 -4.4891121 0.00 280.08 0.04 0.010 11:32:22.40
0 0 0.0 0.0 -0.615 -0.246 -2.3 -15.0 11.5 36.7157915 -4.4891121 0.00 286.10 0.02 0.010 11:32:22.50
0 0 0.0 0.0 -0.246 -0.738 -2.3 -15.0 11.5 36.7157915 -4.4891121 0.00 286.10 0.02 0.010 11:32:22.60
0 0 0.0 0.0 0.000 -0.123 -2.3 -15.0 11.4 36.7157915 -4.4891121 0.00 138.28 0.02 0.010 11:32:22.70
0 0 0.0 0.0 -0.246 -0.492 -2.3 -15.0 11.4 36.7157915 -4.4891121 0.00 138.28 0.02 0.010 11:32:22.81
0 0 0.0 0.0 0.123 -0.738 -2.3 -15.0 11.4 36.7157915 -4.4891121 0.00 334.27 0.05 0.010 11:32:22.90
0 0 0.0 0.0 -0.123 0.000 -2.3 -15.1 11.4 36.7157915 -4.4891121 0.00 334.27 0.05 0.010 11:32:23.00
0 0 0.0 0.0 -0.123 -0.492 -2.4 -15.1 11.4 36.7157915 -4.4891121 0.00 153.32 0.08 0.010 11:32:23.10
0 0 0.0 0.0 0.615 -0.246 -2.4 -15.1 11.4 36.7157915 -4.4891121 0.00 153.32 0.08 0.010 11:32:23.20
0 0 0.0 0.0 -0.738 -0.246 -2.4 -15.1 11.4 36.7157915 -4.4891121 0.00 153.32 0.08 0.010 11:32:23.31
0 0 0.0 0.0 0.000 -0.615 -2.4 -15.1 11.4 36.7157915 -4.4891120 0.00 12.87 0.08 0.011 11:32:23.40
0 0 0.0 0.0 -0.246 -0.615 -2.4 -15.1 11.3 36.7157915 -4.4891121 0.00 276.17 0.08 0.011 11:32:23.51
0 0 0.0 0.0 0.369 -0.369 -2.4 -15.1 11.3 36.7157915 -4.4891121 0.00 276.17 0.08 0.011 11:32:23.60
0 0 0.0 0.0 -0.369 0.000 -2.4 -15.1 11.3 36.7157915 -4.4891121 0.00 85.10 0.03 0.011 11:32:23.70
0 0 0.0 0.0 -0.615 -0.738 -2.4 -15.1 11.3 36.7157915 -4.4891121 0.00 85.10 0.03 0.011 11:32:23.81
0 0 0.0 0.0 -0.369 -0.615 -2.4 -15.1 11.3 36.7157915 -4.4891121 0.00 185.45 0.03 0.011 11:32:23.90
0 0 0.0 0.0 -0.615 -0.246 -2.4 -15.1 11.3 36.7157915 -4.4891121 0.00 185.45 0.03 0.011 11:32:24.01
0 0 0.0 0.0 -0.123 -0.861 -2.4 -15.1 11.3 36.7157915 -4.4891121 0.00 33.57 0.05 0.011 11:32:24.10
0 0 0.0 0.0 -0.123 -0.369 -2.4 -15.1 11.3 36.7157915 -4.4891121 0.00 33.57 0.05 0.011 11:32:24.21
0 0 0.0 0.0 -0.369 -0.246 -2.4 -15.1 11.3 36.7157915 -4.4891121 0.00 33.57 0.05 0.011 11:32:24.31
0 0 0.0 0.0 -0.369 -0.123 -2.4 -15.1 11.3 36.7157915 -4.4891121 0.00 215.52 0.06 0.010 11:32:24.40
0 0 0.0 0.0 -0.123 -0.123 -2.4 -15.1 11.3 36.7157915 -4.4891121 0.00 349.22 0.01 0.010 11:32:24.51
0 0 0.0 0.0 -0.492 -0.861 -2.4 -15.1 11.3 36.7157915 -4.4891121 0.00 349.22 0.01 0.010 11:32:24.60
0 0 0.0 0.0 -0.492 -0.738 -2.4 -15.1 11.2 36.7157915 -4.4891121 0.00 114.09 0.01 0.010 11:32:24.71
0 0 0.0 0.0 -0.615 -0.369 -2.4 -15.1 11.2 36.7157915 -4.4891121 0.00 114.09 0.01 0.010 11:32:24.81
0 0 0.0 0.0 -0.369 -0.738 -2.4 -15.1 11.2 36.7157915 -4.4891121 0.00 327.00 0.06 0.010 11:32:24.90
0 0 0.0 0.0 0.369 -0.246 -2.5 -15.1 11.2 36.7157915 -4.4891121 0.00 327.00 0.06 0.010 11:32:25.01
0 0 0.0 0.0 -0.492 -0.246 -2.5 -15.1 11.2 36.7157915 -4.4891121 0.00 351.83 0.01 0.010 11:32:25.10
0 0 0.0 0.0 -0.123 -0.369 -2.4 -15.1 11.2 36.7157915 -4.4891121 0.00 351.83 0.01 0.010 11:32:25.21
0 0 0.0 0.0 0.123 -0.123 -2.4 -15.1 11.2 36.7157915 -4.4891121 0.00 351.83 0.01 0.010 11:32:25.31
0 0 0.0 0.0 -0.246 -0.492 -2.5 -15.1 11.2 36.7157915 -4.4891121 0.00 169.02 0.07 0.011 11:32:25.42
0 0 0.0 0.0 -0.369 -0.246 -2.5 -15.1 11.2 36.7157915 -4.4891121 0.00 332.46 0.10 0.011 11:32:25.51
0 0 0.0 0.0 -0.369 0.246 -2.5 -15.1 11.1 36.7157915 -4.4891121 0.00 332.46 0.10 0.011 11:32:25.62
0 0 0.0 0.0 -0.123 -0.123 -2.5 -15.1 11.1 36.7157915 -4.4891121 0.00 95.40 0.03 0.011 11:32:25.71
0 0 0.0 0.0 -0.492 0.123 -2.5 -15.1 11.1 36.7157915 -4.4891121 0.00 95.40 0.03 0.011 11:32:25.81
0 0 0.0 0.0 -0.492 -0.369 -2.4 -15.1 11.1 36.7157915 -4.4891121 0.00 231.09 0.01 0.011 11:32:25.92
0 0 0.0 0.0 -0.246 -0.492 -2.4 -15.1 11.1 36.7157915 -4.4891121 0.00 231.09 0.01 0.011 11:32:26.01
0 0 0.0 0.0 -0.984 -0.492 -2.4 -15.1 11.1 36.7157915 -4.4891121 0.00 151.93 0.00 0.011 11:32:26.12
0 0 0.0 0.0 -0.369 -0.246 -2.5 -15.1 11.1 36.7157915 -4.4891121 0.00 151.93 0.00 0.011 11:32:26.21
0 0 0.0 0.0 -0.123 -0.246 -2.5 -15.1 11.1 36.7157915 -4.4891121 0.00 151.93 0.00 0.011 11:32:26.32
0 0 0.0 0.0 -0.123 -0.492 -2.5 -15.1 11.1 36.7157915 -4.4891121 0.00 173.01 0.05 0.011 11:32:26.42
0 0 0.0 0.0 -0.369 -0.984 -2.5 -15.1 11.1 36.7157915 -4.4891121 0.00 342.30 0.07 0.011 11:32:26.51
0 0 0.0 0.0 -0.123 0.000 -2.5 -15.1 11.1 36.7157915 -4.4891121 0.00 342.30 0.07 0.011 11:32:26.62
0 0 0.0 0.0 -0.615 -0.861 -2.5 -15.1 11.0 36.7157915 -4.4891121 0.00 28.78 0.03 0.011 11:32:26.71
0 0 0.0 0.0 0.123 -0.615 -2.5 -15.1 11.0 36.7157915 -4.4891121 0.00 28.78 0.03 0.011 11:32:26.82
0 0 0.0 0.0 -0.123 -0.246 -2.5 -15.2 11.0 36.7157915 -4.4891121 0.00 188.18 0.09 0.011 11:32:26.92
0 0 0.0 0.0 -0.369 0.000 -2.5 -15.2 11.0 36.7157915 -4.4891121 0.00 188.18 0.09 0.011 11:32:27.01
0 0 0.0 0.0 -0.369 -0.246 -2.5 -15.2 11.0 36.7157915 -4.4891121 0.00 5.86 0.07 0.011 11:32:27.12
0 0 0.0 0.0 0.000 -0.246 -2.5 -15.2 11.0 36.7157915 -4.4891121 0.00 5.86 0.07 0.011 11:32:27.21
0 0 0.0 0.0 -0.369 -0.738 -2.5 -15.1 11.0 36.7157915 -4.4891121 0.00 5.86 0.07 0.011 11:32:27.32
0 0 0.0 0.0 -0.123 -0.738 -2.5 -15.2 11.0 36.7157915 -4.4891121 0.00 196.44 0.03 0.014 11:32:27.42
0 0 0.0 0.0 0.738 -0.123 -2.5 -15.2 11.0 36.7157915 -4.4891121 0.00 342.71 0.05 0.014 11:32:27.53
0 0 0.0 0.0 -0.738 -0.492 -2.5 -15.2 11.0 36.7157915 -4.4891121 0.00 342.71 0.05 0.014 11:32:27.62
0 0 0.0 0.0 0.369 -0.984 -2.5 -15.2 11.0 36.7157915 -4.4891121 0.00 154.14 0.04 0.014 11:32:27.71
0 0 0.0 0.0 -0.492 -0.492 -2.5 -15.2 11.0 36.7157915 -4.4891121 0.00 154.14 0.04 0.014 11:32:27.82
0 0 0.0 0.0 0.000 -0.123 -2.5 -15.2 11.0 36.7157915 -4.4891121 0.00 311.03 0.03 0.014 11:32:27.92
0 0 0.0 0.0 0.369 0.000 -2.5 -15.2 11.0 36.7157915 -4.4891121 0.00 311.03 0.03 0.014 11:32:28.03
0 0 0.0 0.0 -0.246 -0.369 -2.5 -15.2 11.0 36.7157915 -4.4891121 0.00 206.42 0.00 0.014 11:32:28.12
0 0 0.0 0.0 0.369 -0.615 -2.5 -15.2 11.0 36.7157915 -4.4891121 0.00 206.42 0.00 0.014 11:32:28.23
0 0 0.0 0.0 0.123 -0.369 -2.5 -15.2 11.0 36.7157915 -4.4891121 0.00 206.42 0.00 0.014 11:32:28.32
0 0 0.0 0.0 -0.246 -0.492 -2.5 -15.2 11.0 36.7157915 -4.4891121 0.00 337.00 0.03 0.012 11:32:28.42
0 0 0.0 0.0 -0.123 -0.123 -2.5 -15.2 11.0 36.7157915 -4.4891121 0.00 146.32 0.02 0.012 11:32:28.53
0 0 0.0 0.0 0.246 -0.615 -2.5 -15.2 11.0 36.7157915 -4.4891121 0.00 146.32 0.02 0.012 11:32:28.62
0 0 0.0 0.0 -0.369 -0.246 -2.5 -15.2 10.9 36.7157915 -4.4891121 0.00 280.18 0.04 0.012 11:32:28.73
0 0 0.0 0.0 -0.123 0.123 -2.5 -15.2 11.0 36.7157915 -4.4891121 0.00 280.18 0.04 0.012 11:32:28.82
0 0 0.0 0.0 -0.246 -0.369 -2.5 -15.2 11.0 36.7157915 -4.4891121 0.00 41.79 0.05 0.012 11:32:28.93
0 0 0.0 0.0 0.123 -0.492 -2.5 -15.2 11.0 36.7157915 -4.4891121 0.00 41.79 0.05 0.012 11:32:29.03
0 0 0.0 0.0 -0.492 -0.984 -2.5 -15.2 11.0 36.7157915 -4.4891121 0.00 242.28 0.05 0.012 11:32:29.12
0 0 0.0 0.0 -0.123 -0.246 -2.5 -15.2 10.9 36.7157915 -4.4891121 0.00 242.28 0.05 0.012 11:32:29.23
0 0 0.0 0.0 0.246 0.000 -2.5 -15.2 10.9 36.7157915 -4.4891121 0.00 242.28 0.05 0.012 11:32:29.32
0 0 0.0 0.0 0.000 -0.492 -2.5 -15.2 10.9 36.7157915 -4.4891121 0.00 17.00 0.06 0.012 11:32:29.43
0 0 0.0 0.0 0.123 -0.246 -2.5 -15.2 10.9 36.7157915 -4.4891121 0.00 135.16 0.05 0.012 11:32:29.53
0 0 0.0 0.0 0.615 -0.246 -2.5 -15.2 10.9 36.7157915 -4.4891121 0.00 135.16 0.05 0.012 11:32:29.64
0 0 0.0 0.0 -0.246 -0.492 -2.5 -15.2 10.9 36.7157915 -4.4891121 0.00 275.99 0.08 0.012 11:32:29.73
0 0 0.0 0.0 -0.369 -0.615 -2.5 -15.2 10.9 36.7157915 -4.4891121 0.00 275.99 0.08 0.012 11:32:29.82
0 0 0.0 0.0 -0.123 0.246 -2.5 -15.2 10.9 36.7157915 -4.4891121 0.00 36.09 0.05 0.012 11:32:29.93
0 0 0.0 0.0 -0.369 -0.615 -2.5 -15.2 10.9 36.7157915 -4.4891121 0.00 36.09 0.05 0.012 11:32:30.03
0 0 0.0 0.0 0.123 -0.615 -2.5 -15.2 10.9 36.7157915 -4.4891121 0.00 173.02 0.02 0.012 11:32:30.14
0 0 0.0 0.0 0.000 -0.615 -2.5 -15.2 10.9 36.7157915 -4.4891121 0.00 173.02 0.02 0.012 11:32:30.23
0 0 0.0 0.0 -0.369 -0.369 -2.5 -15.2 10.9 36.7157915 -4.4891121 0.00 173.02 0.02 0.012 11:32:30.34
0 0 0.0 0.0 -0.369 -0.246 -2.5 -15.2 10.9 36.7157915 -4.4891120 0.00 86.21 0.04 0.011 11:32:30.43
0 0 0.0 0.0 0.000 -0.861 -2.5 -15.2 10.8 36.7157915 -4.4891121 0.00 258.61 0.10 0.011 11:32:30.54
0 0 0.0 0.0 0.000 -0.246 -2.5 -15.2 10.9 36.7157915 -4.4891121 0.00 258.61 0.10 0.011 11:32:30.64
0 0 0.0 0.0 0.123 0.000 -2.5 -15.2 10.9 36.7157915 -4.4891121 0.00 73.86 0.08 0.011 11:32:30.73
0 0 0.0 0.0 -0.369 -0.369 -2.5 -15.2 10.9 36.7157915 -4.4891121 0.00 73.86 0.08 0.011 11:32:30.84
0 0 0.0 0.0 0.123 0.000 -2.5 -15.2 10.8 36.7157915 -4.4891121 0.00 301.95 0.06 0.011 11:32:30.93
0 0 0.0 0.0 -0.123 -0.246 -2.5 -15.2 10.8 36.7157915 -4.4891121 0.00 301.95 0.06 0.011 11:32:31.04
0 0 0.0 0.0 -0.492 -0.615 -2.5 -15.2 10.8 36.7157915 -4.4891121 0.00 74.84 0.04 0.011 11:32:31.14
0 0 0.0 0.0 -0.369 -0.246 -2.6 -15.2 10.8 36.7157915 -4.4891121 0.00 74.84 0.04 0.011 11:32:31.25
0 0 0.0 0.0 -0.861 0.246 -2.6 -15.2 10.8 36.7157915 -4.4891121 0.00 74.84 0.04 0.011 11:32:31.34
0 0 0.0 0.0 -0.369 0.246 -2.6 -15.2 10.8 36.7157915 -4.4891121 0.00 201.03 0.04 0.011 11:32:31.43
0 0 0.0 0.0 -0.246 -0.615 -2.6 -15.2 10.8 36.7157915 -4.4891121 0.00 317.58 0.03 0.011 11:32:31.54
0 0 0.0 0.0 -0.861 -0.369 -2.6 -15.2 10.8 36.7157915 -4.4891121 0.00 317.58 0.03 0.011 11:32:31.64
0 0 0.0 0.0 -0.615 -0.492 -2.6 -15.2 10.8 36.7157915 -4.4891121 0.00 336.02 0.01 0.011 11:32:31.75
0 0 0.0 0.0 0.246 0.246 -2.6 -15.2 10.8 36.7157915 -4.4891121 0.00 336.02 0.01 0.011 11:32:31.84
0 0 0.0 0.0 -0.246 -0.615 -2.6 -15.2 10.8 36.7157915 -4.4891121 0.00 307.81 0.03 0.011 11:32:31.93
0 0 0.0 0.0 -0.369 -0.738 -2.6 -15.2 10.8 36.7157915 -4.4891121 0.00 307.81 0.03 0.011 11:32:32.04
0 0 0.0 0.0 0.615 -0.492 -2.6 -15.2 10.8 36.7157915 -4.4891121 0.00 148.75 0.04 0.011 11:32:32.14
0 0 0.0 0.0 0.123 0.000 -2.6 -15.2 10.8 36.7157915 -4.4891121 0.00 148.75 0.04 0.011 11:32:32.25
0 0 0.0 0.0 0.000 -0.369 -2.6 -15.2 10.8 36.7157915 -4.4891121 0.00 148.75 0.04 0.010 11:32:32.34
0 0 0.0 0.0 -0.369 0.000 -2.6 -15.2 10.8 36.7157915 -4.4891121 0.00 319.07 0.02 0.010 11:32:32.43
0 0 0.0 0.0 -0.123 0.000 -2.6 -15.2 10.8 36.7157915 -4.4891121 0.00 95.43 0.06 0.010 11:32:32.54
0 0 0.0 0.0 -0.123 -0.615 -2.6 -15.2 10.8 36.7157915 -4.4891121 0.00 95.43 0.06 0.010 11:32:32.64
0 0 0.0 0.0 -0.246 -0.492 -2.6 -15.2 10.8 36.7157915 -4.4891121 0.00 308.42 0.09 0.010 11:32:32.75
0 0 0.0 0.0 -0.123 0.000 -2.6 -15.2 10.8 36.7157915 -4.4891121 0.00 308.42 0.09 0.010 11:32:32.84
0 0 0.0 0.0 0.123 -0.738 -2.6 -15.2 10.8 36.7157915 -4.4891121 0.00 61.77 0.06 0.010 11:32:32.95
0 0 0.0 0.0 0.861 -0.492 -2.6 -15.2 10.8 36.7157915 -4.4891121 0.00 61.77 0.06 0.010 11:32:33.04
0 0 0.0 0.0 -1.230 0.000 -2.6 -15.2 10.7 36.7157915 -4.4891121 0.00 256.11 0.06 0.010 11:32:33.14
0 0 0.0 0.0 -0.738 -1.230 -2.6 -15.2 10.8 36.7157915 -4.4891121 0.00 256.11 0.06 0.010 11:32:33.25
0 0 0.0 0.0 -0.246 0.000 -2.6 -15.2 10.8 36.7157915 -4.4891121 0.00 256.11 0.06 0.011 11:32:33.34
0 0 0.0 0.0 -0.123 0.000 -2.6 -15.2 10.8 36.7157915 -4.4891121 0.00 187.80 0.05 0.011 11:32:33.45
0 0 0.0 0.0 0.246 0.123 -2.6 -15.2 10.8 36.7157915 -4.4891121 0.00 45.54 0.09 0.011 11:32:33.54
0 0 0.0 0.0 -0.246 -0.615 -2.6 -15.2 10.8 36.7157915 -4.4891121 0.00 45.54 0.09 0.011 11:32:33.64
0 0 0.0 0.0 -0.369 -0.123 -2.5 -15.2 10.8 36.7157915 -4.4891121 0.00 248.30 0.09 0.011 11:32:33.75
0 0 0.0 0.0 -0.123 -0.369 -2.5 -15.2 10.8 36.7157915 -4.4891121 0.00 248.30 0.09 0.011 11:32:33.84
0 0 0.0 0.0 0.123 -0.246 -2.6 -15.2 10.8 36.7157915 -4.4891121 0.00 35.64 0.06 0.011 11:32:33.95
0 0 0.0 0.0 0.000 -0.123 -2.6 -15.3 10.8 36.7157915 -4.4891121 0.00 35.64 0.06 0.011 11:32:34.04
0 0 0.0 0.0 0.000 -0.615 -2.6 -15.3 10.8 36.7157915 -4.4891121 0.00 137.01 0.03 0.011 11:32:34.14
0 0 0.0 0.0 -0.123 -0.615 -2.6 -15.3 10.8 36.7157915 -4.4891121 0.00 137.01 0.03 0.011 11:32:34.25
0 0 0.0 0.0 0.000 0.000 -2.6 -15.3 10.8 36.7157915 -4.4891121 0.00 137.01 0.03 0.010 11:32:34.34
0 0 0.0 0.0 -0.123 -0.123 -2.6 -15.3 10.8 36.7157915 -4.4891121 0.00 272.20 0.08 0.010 11:32:34.45
0 0 0.0 0.0 0.123 0.000 -2.6 -15.2 10.8 36.7157915 -4.4891121 0.00 69.53 0.05 0.010 11:32:34.54
0 0 0.0 0.0 -0.246 -0.246 -2.6 -15.2 10.8 36.7157915 -4.4891121 0.00 69.53 0.05 0.010 11:32:34.65
0 0 0.0 0.0 0.123 -0.246 -2.6 -15.2 10.8 36.7157915 -4.4891121 0.00 64.50 0.02 0.010 11:32:34.75
0 0 0.0 0.0 -0.369 -0.369 -2.6 -15.3 10.8 36.7157915 -4.4891121 0.00 64.50 0.02 0.010 11:32:34.84
0 0 0.0 0.0 -0.492 -0.246 -2.6 -15.3 10.8 36.7157915 -4.4891121 0.00 300.59 0.04 0.010 11:32:34.95
0 0 0.0 0.0 0.369 -0.369 -2.6 -15.3 10.8 36.7157915 -4.4891121 0.00 300.59 0.04 0.010 11:32:35.04
0 0 0.0 0.0 -0.615 -0.492 -2.6 -15.3 10.8 36.7157915 -4.4891121 0.00 153.36 0.07 0.010 11:32:35.15
0 0 0.0 0.0 0.123 0.123 -2.6 -15.3 10.8 36.7157915 -4.4891121 0.00 153.36 0.07 0.010 11:32:35.25
0 0 0.0 0.0 -0.369 -0.246 -2.5 -15.2 10.7 36.7157915 -4.4891121 0.00 153.36 0.07 0.011 11:32:35.35
0 0 0.0 0.0 -0.369 -0.738 -2.5 -15.2 10.8 36.7157915 -4.4891121 0.00 342.44 0.07 0.011 11:32:35.45
0 0 0.0 0.0 0.246 -0.615 -2.6 -15.2 10.8 36.7157915 -4.4891121 0.00 59.88 0.01 0.011 11:32:35.54
0 0 0.0 0.0 0.246 0.123 -2.6 -15.2 10.8 36.7157915 -4.4891121 0.00 59.88 0.01 0.011 11:32:35.65
0 0 0.0 0.0 0.000 -0.369 -2.6 -15.2 10.8 36.7157915 -4.4891121 0.00 205.17 0.04 0.011 11:32:35.75
0 0 0.0 0.0 0.246 -0.369 -2.6 -15.2 10.8 36.7157915 -4.4891121 0.00 205.17 0.04 0.011 11:32:35.85
0 0 0.0 0.0 -0.615 -0.615 -2.6 -15.2 10.8 36.7157915 -4.4891121 0.00 322.42 0.01 0.011 11:32:35.95
0 0 0.0 0.0 -0.246 -0.492 -2.6 -15.3 10.8 36.7157915 -4.4891121 0.00 322.42 0.01 0.011 11:32:36.06
0 0 0.0 0.0 -0.123 -0.369 -2.5 -15.3 10.8 36.7157915 -4.4891121 0.00 40.68 0.05 0.011 11:32:36.15
0 0 0.0 0.0 0.123 -0.246 -2.5 -15.2 10.8 36.7157915 -4.4891121 0.00 40.68 0.05 0.011 11:32:36.25
0 0 0.0 0.0 -0.369 -0.246 -2.5 -15.2 10.8 36.7157915 -4.4891121 0.00 40.68 0.05 0.011 11:32:36.35
0 0 0.0 0.0 0.123 -0.123 -2.5 -15.2 10.8 36.7157915 -4.4891121 0.00 264.72 0.06 0.011 11:32:36.45
0 0 0.0 0.0 -0.615 -0.492 -2.5 -15.2 10.8 36.7157915 -4.4891121 0.00 25.66 0.04 0.011 11:32:36.56
0 0 0.0 0.0 -0.123 -0.369 -2.5 -15.2 10.8 36.7157915 -4.4891121 0.00 25.66 0.04 0.011 11:32:36.65
0 0 0.0 0.0 0.000 -0.369 -2.5 -15.2 10.8 36.7157915 -4.4891121 0.00 125.52 0.01 0.011 11:32:36.76
0 0 0.0 0.0 0.000 -0.246 -2.5 -15.2 10.8 36.7157915 -4.4891121 0.00 125.52 0.01 0.011 11:32:36.85
0 0 0.0 0.0 0.000 -0.246 -2.5 -15.3 10.8 36.7157915 -4.4891121 0.00 304.63 0.03 0.011 11:32:36.95
0 0 0.0 0.0 0.000 -0.246 -2.5 -15.3 10.8 36.7157915 -4.4891121 0.00 304.63 0.03 0.011 11:32:37.06
0 0 0.0 0.0 0.123 -1.230 -2.5 -15.3 10.8 36.7157915 -4.4891121 0.00 224.19 0.05 0.011 11:32:37.15
0 0 0.0 0.0 -0.123 -0.123 -2.6 -15.3 10.8 36.7157915 -4.4891121 0.00 224.19 0.05 0.011 11:32:37.26
0 0 0.0 0.0 0.246 0.123 -2.6 -15.3 10.8 36.7157915 -4.4891121 0.00 224.19 0.05 0.013 11:32:37.35
0 0 0.0 0.0 -1.107 -0.369 -2.6 -15.3 10.8 36.7157915 -4.4891121 0.00 32.34 0.07 0.013 11:32:37.46
0 0 0.0 0.0 -0.369 -0.369 -2.6 -15.3 10.8 36.7157915 -4.4891121 0.00 54.41 0.02 0.013 11:32:37.56
0 0 0.0 0.0 0.246 -0.246 -2.6 -15.3 10.7 36.7157915 -4.4891121 0.00 54.41 0.02 0.013 11:32:37.65
0 0 0.0 0.0 -0.369 -0.123 -2.6 -15.3 10.7 36.7157915 -4.4891121 0.00 206.98 0.05 0.013 11:32:37.76
0 0 0.0 0.0 -0.246 -0.123 -2.6 -15.3 10.7 36.7157915 -4.4891121 0.00 206.98 0.05 0.013 11:32:37.85
0 0 0.0 0.0 0.246 0.000 -2.6 -15.3 10.7 36.7157915 -4.4891121 0.00 36.07 0.01 0.013 11:32:37.96
0 0 0.0 0.0 0.492 -0.246 -2.6 -15.3 10.7 36.7157915 -4.4891121 0.00 36.07 0.01 0.013 11:32:38.06
0 0 0.0 0.0 -0.369 -0.738 -2.6 -15.3 10.7 36.7157915 -4.4891121 0.00 300.24 0.01 0.013 11:32:38.17
0 0 0.0 0.0 0.369 -0.369 -2.6 -15.3 10.7 36.7157915 -4.4891121 0.00 300.24 0.01 0.013 11:32:38.26
0 0 0.0 0.0 -0.861 -0.738 -2.6 -15.3 10.7 36.7157915 -4.4891121 0.00 300.24 0.01 0.010 11:32:38.35
0 0 0.0 0.0 0.000 -0.369 -2.6 -15.3 10.7 36.7157915 -4.4891121 0.00 24.96 0.05 0.010 11:32:38.46
0 0 0.0 0.0 0.123 0.000 -2.6 -15.3 10.7 36.7157916 -4.4891121 0.00 323.58 0.03 0.010 11:32:38.56
0 0 0.0 0.0 0.369 -0.492 -2.6 -15.3 10.7 36.7157916 -4.4891121 0.00 323.58 0.03 0.010 11:32:38.67
0 0 0.0 0.0 -0.615 -0.738 -2.6 -15.3 10.7 36.7157915 -4.4891121 0.00 196.62 0.06 0.010 11:32:38.76
0 0 0.0 0.0 0.369 -0.369 -2.6 -15.3 10.7 36.7157915 -4.4891121 0.00 196.62 0.06 0.010 11:32:38.87
0 0 0.0 0.0 -0.123 -0.123 -2.6 -15.3 10.7 36.7157916 -4.4891121 0.00 32.93 0.07 0.010 11:32:38.96
0 0 0.0 0.0 -0.615 0.123 -2.6 -15.3 10.7 36.7157916 -4.4891121 0.00 32.93 0.07 0.010 11:32:39.06
0 0 0.0 0.0 0.123 -0.738 -2.6 -15.3 10.7 36.7157916 -4.4891121 0.00 304.45 0.04 0.010 11:32:39.17
0 0 0.0 0.0 -0.492 0.000 -2.6 -15.3 10.7 36.7157916 -4.4891121 0.00 304.45 0.04 0.010 11:32:39.26
0 0 0.0 0.0 -0.123 0.123 -2.6 -15.3 10.7 36.7157916 -4.4891121 0.00 304.45 0.04 0.011 11:32:39.37
0 0 0.0 0.0 -0.123 -0.492 -2.6 -15.3 10.7 36.7157916 -4.4891121 0.00 272.70 0.02 0.011 11:32:39.46
0 0 0.0 0.0 0.123 -0.615 -2.6 -15.3 10.7 36.7157916 -4.4891121 0.00 139.62 0.03 0.011 11:32:39.57
0 0 0.0 0.0 -0.861 0.000 -2.5 -15.3 10.7 36.7157916 -4.4891121 0.00 139.62 0.03 0.011 11:32:39.67
0 0 0.0 0.0 0.000 -0.492 -2.5 -15.3 10.7 36.7157915 -4.4891121 0.00 115.39 0.04 0.011 11:32:39.76
0 0 0.0 0.0 -0.123 -0.738 -2.5 -15.3 10.7 36.7157915 -4.4891121 0.00 115.39 0.04 0.011 11:32:39.87
0 0 0.0 0.0 -0.861 -0.123 -2.5 -15.3 10.7 36.7157916 -4.4891121 0.00 327.63 0.10 0.011 11:32:39.96
0 0 0.0 0.0 -0.615 -0.615 -2.5 -15.3 10.7 36.7157916 -4.4891121 0.00 327.63 0.10 0.011 11:32:40.07
0 0 0.0 0.0 -0.861 -0.123 -2.5 -15.3 10.7 36.7157915 -4.4891121 0.00 168.90 0.05 0.011 11:32:40.17
0 0 0.0 0.0 -0.123 -0.123 -2.6 -15.3 10.7 36.7157915 -4.4891121 0.00 168.90 0.05 0.011 11:32:40.28
0 0 0.0 0.0 -0.615 -0.492 -2.6 -15.3 10.7 36.7157915 -4.4891121 0.00 168.90 0.05 0.011 11:32:40.37
0 0 0.0 0.0 0.246 -0.615 -2.6 -15.3 10.7 36.7157916 -4.4891121 0.00 343.64 0.06 0.011 11:32:40.48
0 0 0.0 0.0 -0.123 -0.123 -2.6 -15.3 10.7 36.7157915 -4.4891121 0.00 169.01 0.05 0.011 11:32:40.57
0 0 0.0 0.0 0.246 -0.123 -2.6 -15.3 10.7 36.7157915 -4.4891121 0.00 169.01 0.05 0.011 11:32:40.67
0 0 0.0 0.0 0.123 0.000 -2.5 -15.3 10.7 36.7157915 -4.4891121 0.00 56.68 0.02 0.011 11:32:40.78
0 0 0.0 0.0 -0.738 -0.123 -2.5 -15.3 10.7 36.7157915 -4.4891121 0.00 56.68 0.02 0.011 11:32:40.87
0 0 0.0 0.0 0.246 -0.246 -2.5 -15.3 10.6 36.7157916 -4.4891121 0.00 342.40 0.06 0.011 11:32:40.98
0 0 0.0 0.0 -0.246 -0.246 -2.5 -15.3 10.7 36.7157916 -4.4891121 0.00 342.40 0.06 0.011 11:32:41.07
0 0 0.0 0.0 0.369 0.123 -2.5 -15.3 10.7 36.7157916 -4.4891121 0.00 195.71 0.02 0.011 11:32:41.18
0 0 0.0 0.0 0.123 -0.492 -2.5 -15.3 10.6 36.7157916 -4.4891121 0.00 195.71 0.02 0.011 11:32:41.28
0 0 0.0 0.0 -0.123 0.000 -2.5 -15.3 10.6 36.7157916 -4.4891121 0.00 329.91 0.04 0.010 11:32:41.39
0 0 0.0 0.0 -0.369 -0.492 -2.6 -15.3 10.6 36.7157916 -4.4891121 0.00 329.91 0.04 0.010 11:32:41.48
0 0 0.0 0.0 0.246 -0.369 -2.5 -15.3 10.6 36.7157916 -4.4891121 0.00 151.79 0.03 0.010 11:32:41.57
0 0 0.0 0.0 -0.123 -0.615 -2.5 -15.3 10.6 36.7157916 -4.4891121 0.00 151.79 0.03 0.010 11:32:41.68
0 0 0.0 0.0 0.123 -0.246 -2.5 -15.3 10.6 36.7157915 -4.4891121 0.00 139.03 0.04 0.010 11:32:41.78
0 0 0.0 0.0 -0.369 0.123 -2.5 -15.3 10.6 36.7157915 -4.4891121 0.00 139.03 0.04 0.010 11:32:41.89
0 0 0.0 0.0 0.123 -0.123 -2.5 -15.3 10.6 36.7157915 -4.4891121 0.00 283.08 0.07 0.010 11:32:41.98
0 0 0.0 0.0 -0.369 0.000 -2.5 -15.3 10.6 36.7157915 -4.4891121 0.00 283.08 0.07 0.010 11:32:42.09
0 0 0.0 0.0 0.000 -0.861 -2.5 -15.3 10.6 36.7157916 -4.4891121 0.00 20.32 0.09 0.010 11:32:42.18
0 0 0.0 0.0 -1.107 0.000 -2.5 -15.3 10.6 36.7157916 -4.4891121 0.00 20.32 0.09 0.010 11:32:42.28
0 0 0.0 0.0 -0.123 0.123 -2.5 -15.3 10.6 36.7157915 -4.4891121 0.00 186.46 0.09 0.010 11:32:42.39
0 0 0.0 0.0 0.123 -0.492 -2.5 -15.3 10.6 36.7157915 -4.4891121 0.00 186.46 0.09 0.010 11:32:42.48
0 0 0.0 0.0 -0.369 -0.246 -2.5 -15.3 10.6 36.7157915 -4.4891121 0.00 14.67 0.02 0.010 11:32:42.59
0 0 0.0 0.0 0.123 -0.615 -2.5 -15.3 10.6 36.7157915 -4.4891121 0.00 14.67 0.02 0.010 11:32:42.68
0 0 0.0 0.0 -0.615 0.123 -2.5 -15.3 10.6 36.7157916 -4.4891121 0.00 2.20 0.08 0.010 11:32:42.78
0 0 0.0 0.0 -0.615 -0.738 -2.5 -15.3 10.6 36.7157916 -4.4891121 0.00 2.20 0.08 0.010 11:32:42.89
0 0 0.0 0.0 0.123 -0.123 -2.5 -15.3 10.6 36.7157915 -4.4891121 0.00 194.47 0.05 0.010 11:32:42.98
0 0 0.0 0.0 -0.369 -0.492 -2.5 -15.3 10.6 36.7157915 -4.4891121 0.00 194.47 0.05 0.010 11:32:43.09
0 0 0.0 0.0 -0.492 0.000 -2.5 -15.3 10.6 36.7157916 -4.4891121 0.00 34.40 0.06 0.010 11:32:43.18
0 0 0.0 0.0 -0.246 -0.246 -2.5 -15.3 10.6 36.7157916 -4.4891121 0.00 34.40 0.06 0.010 11:32:43.29
75 -167 0.0 0.0 -0.123 -0.492 -2.5 -15.3 10.6 36.7157916 -4.4891121 0.00 250.03 0.06 0.010 11:32:43.39
75 -167 0.0 0.0 18.573 -24.354 -2.5 -15.6 10.6 36.7157916 -4.4891121 0.00 250.03 0.06 0.010 11:32:43.50
75 100 0.0 0.0 11.070 -16.974 -2.7 -16.2 10.8 36.7157915 -4.4891121 0.00 110.91 0.05 0.010 11:32:43.59
75 100 0.0 0.0 11.316 -8.979 -2.4 -15.7 11.2 36.7157915 -4.4891121 0.00 110.91 0.05 0.010 11:32:43.68
75 -7 0.0 0.0 6.642 31.611 -2.1 -15.8 11.5 36.7157912 -4.4891125 0.00 224.31 0.77 0.010 11:32:43.79
75 -7 0.0 0.0 12.423 -12.792 -2.9 -15.4 14.2 36.7157912 -4.4891125 0.00 224.31 0.77 0.010 11:32:43.89
75 -1 0.0 0.0 13.284 -7.749 -2.5 -16.4 14.4 36.7157907 -4.4891130 0.00 218.16 0.70 0.010 11:32:44.00
75 -1 0.0 0.0 10.086 -5.658 -2.6 -15.7 14.5 36.7157907 -4.4891130 0.00 218.16 0.70 0.010 11:32:44.09
75 -11 0.0 0.0 12.423 -2.091 -2.2 -15.9 14.3 36.7157903 -4.4891135 0.00 228.36 0.67 0.010 11:32:44.18
75 -11 0.0 0.0 8.487 -7.626 -2.4 -16.5 14.5 36.7157903 -4.4891135 0.00 228.36 0.67 0.010 11:32:44.29
75 -11 0.0 0.0 9.840 -6.150 -2.5 -16.5 14.3 36.7157897 -4.4891141 0.00 222.70 0.90 0.010 11:32:44.39
75 -11 0.0 0.0 1.599 -10.455 -2.0 -16.3 14.2 36.7157897 -4.4891141 0.00 222.70 0.90 0.010 11:32:44.50
75 -10 0.0 0.0 -3.444 0.615 -1.8 -16.0 13.4 36.7157889 -4.4891151 0.00 226.26 1.43 0.010 11:32:44.59
75 -10 0.0 0.0 1.230 2.460 -1.4 -16.0 12.3 36.7157889 -4.4891151 0.00 226.26 1.43 0.010 11:32:44.68
75 -12 0.0 0.0 0.246 -10.209 -1.6 -16.3 11.9 36.7157881 -4.4891162 0.00 227.52 1.25 0.010 11:32:44.79
75 -12 0.0 0.0 1.230 -8.979 -1.5 -16.5 11.4 36.7157881 -4.4891162 0.00 227.52 1.25 0.010 11:32:44.89
75 -12 0.0 0.0 2.829 -8.733 -1.4 -16.2 10.8 36.7157876 -4.4891169 0.00 228.61 0.65 0.010 11:32:45.00
75 -12 0.0 0.0 -0.615 -11.808 -1.3 -15.9 10.2 36.7157876 -4.4891169 0.00 228.61 0.65 0.010 11:32:45.09
75 -7 0.0 0.0 -0.984 -10.455 -1.1 -15.6 9.4 36.7157870 -4.4891178 0.00 227.30 1.07 0.010 11:32:45.18
75 -7 0.0 0.0 4.182 -8.118 -1.0 -15.6 8.3 36.7157870 -4.4891178 0.00 227.30 1.07 0.010 11:32:45.29
75 -7 0.0 0.0 -1.107 -9.225 -0.8 -15.6 7.6 36.7157863 -4.4891186 0.00 224.22 1.05 0.011 11:32:45.39
75 -7 0.0 0.0 -0.861 -5.658 -0.5 -15.8 7.1 36.7157863 -4.4891186 0.00 224.22 1.05 0.011 11:32:45.50
75 2 0.0 0.0 2.091 -8.487 -0.3 -15.9 6.7 36.7157856 -4.4891193 0.00 217.43 0.90 0.011 11:32:45.59
75 2 0.0 0.0 2.460 -5.289 -0.2 -16.1 6.2 36.7157856 -4.4891193 0.00 217.43 0.90 0.011 11:32:45.70
75 -1 0.0 0.0 1.968 -7.626 -0.5 -15.9 6.2 36.7157849 -4.4891200 0.00 220.65 0.95 0.011 11:32:45.79
75 -1 0.0 0.0 3.198 -5.166 -0.8 -15.7 6.0 36.7157849 -4.4891200 0.00 220.65 0.95 0.011 11:32:45.89
75 -7 0.0 0.0 1.230 -4.428 -0.7 -15.6 5.9 36.7157843 -4.4891208 0.00 227.01 1.09 0.011 11:32:46.00
75 -7 0.0 0.0 3.198 -1.722 -0.9 -16.0 5.6 36.7157843 -4.4891208 0.00 227.01 1.09 0.011 11:32:46.09
75 1 0.0 0.0 6.027 -5.658 -0.8 -16.2 5.0 36.7157836 -4.4891215 0.00 218.48 0.82 0.011 11:32:46.20
75 1 0.0 0.0 2.337 -5.658 -0.7 -16.1 5.0 36.7157836 -4.4891215 0.00 218.48 0.82 0.011 11:32:46.29
75 1 0.0 0.0 2.337 -3.936 -0.6 -16.4 4.9 36.7157829 -4.4891222 0.00 217.96 1.04 0.010 11:32:46.39
75 1 0.0 0.0 5.289 -3.075 -0.3 -16.4 4.6 36.7157829 -4.4891222 0.00 217.96 1.04 0.010 11:32:46.50
75 1 0.0 0.0 1.845 -8.364 -0.3 -16.5 4.6 36.7157822 -4.4891229 0.00 218.45 0.86 0.010 11:32:46.59
75 1 0.0 0.0 6.642 -0.861 -0.4 -16.4 4.6 36.7157822 -4.4891229 0.00 218.45 0.86 0.010 11:32:46.70
75 0 0.0 0.0 3.075 -2.583 -0.6 -16.6 4.6 36.7157816 -4.4891236 0.00 219.86 0.94 0.010 11:32:46.79
75 0 0.0 0.0 5.166 -2.337 -0.5 -16.7 4.5 36.7157816 -4.4891236 0.00 219.86 0.94 0.010 11:32:46.89
75 3 0.0 0.0 5.781 -2.583 -0.6 -17.1 4.6 36.7157808 -4.4891242 0.00 215.99 1.08 0.010 11:32:47.00
75 3 0.0 0.0 7.749 -3.075 -0.5 -17.3 4.4 36.7157808 -4.4891242 0.00 215.99 1.08 0.010 11:32:47.09
75 -5 0.0 0.0 7.380 -1.476 -0.3 -17.3 4.7 36.7157802 -4.4891249 0.00 224.56 0.70 0.010 11:32:47.20
75 -5 0.0 0.0 5.412 -2.829 -0.2 -17.4 4.5 36.7157802 -4.4891249 0.00 224.56 0.70 0.010 11:32:47.29
75 -5 0.0 0.0 2.706 -5.904 0.0 -17.3 4.3 36.7157795 -4.4891255 0.00 212.98 1.04 0.011 11:32:47.40
75 -5 0.0 0.0 3.690 -4.059 0.2 -17.2 4.0 36.7157787 -4.4891262 0.00 217.03 1.05 0.011 11:32:47.50
75 3 0.0 0.0 3.321 -5.412 -0.1 -17.2 3.6 36.7157787 -4.4891262 0.00 217.03 1.05 0.011 11:32:47.60
75 3 0.0 0.0 4.305 -7.257 -0.1 -17.1 3.6 36.7157781 -4.4891269 0.00 226.24 0.92 0.011 11:32:47.70
75 -6 0.0 0.0 4.920 -3.444 -0.0 -17.0 3.6 36.7157781 -4.4891269 0.00 226.24 0.92 0.011 11:32:47.79
75 -6 0.0 0.0 2.706 -6.027 -0.3 -16.9 3.5 36.7157774 -4.4891277 0.00 217.13 1.05 0.011 11:32:47.90
75 2 0.0 0.0 3.936 -4.551 0.0 -16.7 3.1 36.7157774 -4.4891277 0.00 217.13 1.05 0.011 11:32:48.00
75 2 -23.7 -23.4 8.241 -1.353 0.3 -16.5 3.1 36.7157765 -4.4891283 0.00 207.15 1.09 0.011 11:32:48.10
75 12 -23.7 -23.4 6.519 -0.984 0.1 -16.3 3.2 36.7157765 -4.4891283 0.00 207.15 1.09 0.011 11:32:48.20
75 12 -23.7 -23.4 7.872 1.107 -0.2 -16.1 3.4 36.7157765 -4.4891283 0.00 207.15 1.09 0.011 11:32:48.29
75 12 -23.7 -23.4 7.380 -1.107 -0.7 -15.7 4.3 36.7157758 -4.4891290 0.00 226.23 0.97 0.011 11:32:48.40
75 12 -23.7 -23.4 10.086 3.321 -0.9 -15.6 4.7 36.7157750 -4.4891298 0.00 218.10 1.13 0.011 11:32:48.50
75 2 -23.7 -23.4 11.685 3.075 -1.2 -15.5 5.3 36.7157750 -4.4891298 0.00 218.10 1.13 0.011 11:32:48.60
75 2 -23.7 -23.4 6.273 -5.658 -1.4 -15.3 6.0 36.7157743 -4.4891306 0.00 221.97 0.97 0.011 11:32:48.70
75 -2 -23.7 -23.4 9.963 0.369 -1.8 -14.9 6.1 36.7157743 -4.4891306 0.00 221.97 0.97 0.011 11:32:48.79
75 -2 -23.7 -23.4 5.289 -4.551 -2.0 -14.6 6.0 36.7157736 -4.4891314 0.00 224.24 1.09 0.011 11:32:48.90
75 -4 -23.7 -23.4 2.337 -1.230 -2.2 -14.4 5.9 36.7157736 -4.4891314 0.00 224.24 1.09 0.011 11:32:49.00
75 -4 -23.7 -23.4 6.150 -1.476 -2.7 -13.7 5.7 36.7157729 -4.4891322 0.00 224.65 1.04 0.011 11:32:49.10
75 -5 -23.7 -23.4 2.952 -2.583 -3.3 -13.1 5.6 36.7157729 -4.4891322 0.00 224.65 1.04 0.011 11:32:49.20
75 -5 -23.7 -23.4 4.059 -2.706 -3.8 -12.4 5.3 36.7157729 -4.4891322 0.00 224.65 1.04 0.011 11:32:49.31
75 -5 -23.7 -23.4 2.829 -1.107 -3.9 -11.5 5.0 36.7157721 -4.4891332 0.00 225.64 1.33 0.013 11:32:49.40
75 -5 -23.7 -23.4 -0.738 -2.460 -3.8 -11.1 4.6 36.7157712 -4.4891341 0.00 218.69 1.23 0.013 11:32:49.50
75 1 -23.7 -23.4 -0.369 -2.706 -3.9 -10.5 4.3 36.7157712 -4.4891341 0.00 218.69 1.23 0.013 11:32:49.60
75 1 -23.7 -23.4 2.337 -3.321 -4.1 -9.7 4.0 36.7157704 -4.4891350 0.00 219.83 1.08 0.013 11:32:49.70
75 0 -23.7 -23.4 -0.369 -2.091 -4.6 -8.8 4.0 36.7157704 -4.4891350 0.00 219.83 1.08 0.013 11:32:49.81
75 0 -23.7 -23.4 5.535 -1.476 -5.2 -7.7 3.9 36.7157695 -4.4891360 0.00 226.45 1.35 0.013 11:32:49.90
75 -7 -23.7 -23.4 -1.353 -2.460 -5.8 -6.6 3.6 36.7157695 -4.4891360 0.00 226.45 1.35 0.013 11:32:50.00
75 -7 -23.7 -23.4 0.615 -3.321 -5.8 -5.9 3.2 36.7157686 -4.4891370 0.00 220.16 1.29 0.013 11:32:50.10
75 -1 -23.7 -23.4 1.230 -0.738 -5.5 -5.3 2.5 36.7157686 -4.4891370 0.00 220.16 1.29 0.013 11:32:50.20
75 -1 -23.7 -23.4 0.615 -2.460 -5.5 -4.3 2.4 36.7157686 -4.4891370 0.00 220.16 1.29 0.013 11:32:50.31
75 -1 -23.7 -23.4 2.460 -1.845 -5.6 -3.5 2.1 36.7157678 -4.4891377 0.00 211.64 1.05 0.016 11:32:50.40
75 -1 -23.7 -23.4 2.583 0.000 -5.5 -2.8 1.8 36.7157669 -4.4891386 0.00 219.07 1.30 0.016 11:32:50.51
75 0 -23.7 -23.4 -0.246 -2.706 -5.6 -2.4 1.5 36.7157669 -4.4891386 0.00 219.07 1.30 0.016 11:32:50.60
75 0 -23.7 -23.4 4.797 3.690 -5.5 -2.2 1.2 36.7157661 -4.4891394 0.00 215.95 1.02 0.016 11:32:50.70
75 3 -23.7 -23.4 3.444 3.075 -5.5 -1.9 1.1 36.7157661 -4.4891394 0.00 215.95 1.02 0.016 11:32:50.81
75 3 -23.7 -23.4 -0.246 -0.246 -5.5 -1.6 1.0 36.7157653 -4.4891401 0.00 213.81 1.01 0.016 11:32:50.90
75 6 -23.7 -23.4 7.749 6.888 -5.5 -1.6 1.1 36.7157653 -4.4891401 0.00 213.81 1.01 0.016 11:32:51.01
75 6 -23.7 -23.4 0.738 0.000 -5.6 -1.6 1.3 36.7157645 -4.4891407 0.00 215.07 1.02 0.016 11:32:51.10
75 5 -23.7 -23.4 1.722 5.166 -5.9 -1.6 1.6 36.7157645 -4.4891407 0.00 215.07 1.02 0.016 11:32:51.21
75 5 -23.7 -23.4 4.551 1.353 -6.1 -2.1 1.8 36.7157645 -4.4891407 0.00 215.07 1.02 0.016 11:32:51.31
75 5 -23.7 -23.4 2.706 0.369 -6.1 -2.6 2.0 36.7157638 -4.4891414 0.00 224.74 0.89 0.027 11:32:51.40
75 5 -23.7 -23.4 4.428 3.813 -6.1 -2.9 2.2 36.7157632 -4.4891420 0.00 213.50 0.82 0.027 11:32:51.51
75 6 -23.7 -23.4 0.615 1.476 -6.1 -3.0 2.5 36.7157632 -4.4891420 0.00 213.50 0.82 0.027 11:32:51.60
75 6 -23.7 -23.4 4.797 2.337 -5.9 -2.9 2.8 36.7157625 -4.4891426 0.00 213.45 0.94 0.027 11:32:51.71
75 6 -23.7 -23.4 5.658 3.567 -5.9 -3.2 3.1 36.7157625 -4.4891426 0.00 213.45 0.94 0.027 11:32:51.81
75 6 -23.7 -23.4 2.214 0.123 -6.0 -3.4 3.2 36.7157618 -4.4891433 0.00 220.10 0.96 0.027 11:32:51.90
75 0 -23.7 -23.4 3.198 1.599 -6.2 -3.2 3.4 36.7157618 -4.4891433 0.00 220.10 0.96 0.027 11:32:52.01
75 0 -23.7 -23.4 1.353 5.043 -6.8 -2.7 3.6 36.7157611 -4.4891440 0.00 222.14 1.02 0.027 11:32:52.10
75 -2 -23.7 -23.4 2.091 -0.738 -7.6 -2.1 3.2 36.7157611 -4.4891440 0.00 222.14 1.02 0.027 11:32:52.21
75 -2 -23.7 -23.4 0.984 3.198 -7.7 -2.1 3.0 36.7157611 -4.4891440 0.00 222.14 1.02 0.027 11:32:52.31
75 -2 -23.7 -23.4 3.075 -0.861 -7.7 -2.2 2.9 36.7157604 -4.4891450 0.00 232.11 1.22 0.016 11:32:52.42
75 -2 -23.7 -23.4 -0.123 -1.599 -7.8 -2.4 2.8 36.7157597 -4.4891456 0.00 209.63 0.82 0.016 11:32:52.51
75 10 -23.7 -23.4 9.594 3.936 -7.8 -2.2 2.6 36.7157597 -4.4891456 0.00 209.63 0.82 0.016 11:32:52.60
75 10 -23.7 -23.4 1.107 -0.615 -8.1 -1.8 2.6 36.7157589 -4.4891464 0.00 219.30 1.16 0.016 11:32:52.71
75 1 -23.7 -23.4 -4.797 0.492 -8.5 -1.2 2.9 36.7157589 -4.4891464 0.00 219.30 1.16 0.016 11:32:52.81
75 1 -23.7 -23.4 4.674 3.198 -8.0 -1.8 3.2 36.7157582 -4.4891472 0.00 220.07 1.01 0.016 11:32:52.92
75 0 -23.7 -23.4 -1.230 1.845 -7.9 -2.4 3.3 36.7157582 -4.4891472 0.00 220.07 1.01 0.016 11:32:53.01
75 0 -22.2 -22.2 1.968 0.615 -8.0 -3.1 3.2 36.7157577 -4.4891477 0.00 222.34 0.59 0.016 11:32:53.10
75 -2 -22.2 -22.2 2.337 0.369 -7.8 -3.1 3.1 36.7157577 -4.4891477 0.00 222.34 0.59 0.016 11:32:53.21
75 -2 -22.2 -22.2 0.123 0.123 -8.1 -2.9 2.9 36.7157577 -4.4891477 0.00 222.34 0.59 0.016 11:32:53.31
75 -2 -22.2 -22.2 2.829 0.738 -8.0 -2.8 2.7 36.7157569 -4.4891484 0.00 214.99 1.14 0.016 11:32:53.42
75 -2 -22.2 -22.2 1.722 1.353 -8.1 -3.1 2.7 36.7157562 -4.4891491 0.00 218.28 1.02 0.016 11:32:53.51
75 2 -22.2 -22.2 2.583 -1.107 -8.3 -3.6 2.5 36.7157562 -4.4891491 0.00 218.28 1.02 0.016 11:32:53.62
75 2 -22.2 -22.2 5.412 1.599 -8.5 -3.6 2.5 36.7157556 -4.4891498 0.00 226.71 0.75 0.016 11:32:53.71
75 -6 -22.2 -22.2 -3.567 -3.690 -8.5 -3.3 2.6 36.7157556 -4.4891498 0.00 226.71 0.75 0.016 11:32:53.81
75 -6 -22.2 -22.2 2.829 3.444 -8.5 -3.5 2.3 36.7157548 -4.4891505 0.00 216.29 1.20 0.016 11:32:53.92
75 4 -22.2 -22.2 7.872 3.075 -8.4 -3.7 2.0 36.7157548 -4.4891505 0.00 216.29 1.20 0.016 11:32:54.01
75 4 -22.2 -22.2 2.583 -2.091 -7.8 -3.6 2.0 36.7157541 -4.4891511 0.00 214.32 0.79 0.016 11:32:54.12
75 7 -22.2 -22.2 4.674 6.765 -7.7 -3.6 2.2 36.7157541 -4.4891511 0.00 214.32 0.79 0.016 11:32:54.21
75 7 -22.2 -22.2 2.829 3.075 -7.5 -3.7 2.3 36.7157541 -4.4891511 0.00 214.32 0.79 0.016 11:32:54.31
75 7 -22.2 -22.2 6.642 4.428 -7.3 -3.8 2.4 36.7157533 -4.4891517 0.00 212.38 1.04 0.023 11:32:54.42
75 7 -22.2 -22.2 6.642 4.674 -7.3 -3.7 2.8 36.7157526 -4.4891523 0.00 215.66 0.91 0.023 11:32:54.51
75 7 -22.2 -22.2 6.519 4.674 -7.4 -3.9 3.1 36.7157526 -4.4891523 0.00 215.66 0.91 0.023 11:32:54.62
75 7 -22.2 -22.2 5.658 3.567 -7.3 -3.8 3.5 36.7157520 -4.4891530 0.00 223.30 0.96 0.023 11:32:54.71
75 -3 -22.2 -22.2 -0.492 -2.460 -7.0 -3.6 3.9 36.7157520 -4.4891530 0.00 223.30 0.96 0.023 11:32:54.82
75 -3 -22.2 -22.2 2.952 -0.492 -6.7 -3.5 4.3 36.7157512 -4.4891537 0.00 209.94 1.04 0.023 11:32:54.92
75 10 -22.2 -22.2 8.979 8.979 -6.3 -3.6 4.0 36.7157512 -4.4891537 0.00 209.94 1.04 0.023 11:32:55.01
75 10 -22.2 -22.2 6.765 4.182 -5.6 -3.1 4.0 36.7157504 -4.4891543 0.00 212.70 1.01 0.023 11:32:55.12
75 7 -22.2 -22.2 1.845 0.738 -4.7 -2.6 4.6 36.7157504 -4.4891543 0.00 212.70 1.01 0.023 11:32:55.21
75 7 -22.2 -22.2 2.829 6.027 -5.0 -2.9 5.5 36.7157504 -4.4891543 0.00 212.70 1.01 0.023 11:32:55.32
75 7 -22.2 -22.2 0.369 -0.492 -6.4 -4.5 6.2 36.7157496 -4.4891549 0.00 212.15 1.04 0.022 11:32:55.42
75 7 -22.2 -22.2 7.995 1.845 -6.9 -5.0 6.3 36.7157493 -4.4891557 0.00 266.76 0.75 0.022 11:32:55.51
75 -44 -22.2 -22.2 -23.370 -23.616 -7.3 -4.9 6.8 36.7157493 -4.4891557 0.00 266.76 0.75 0.022 11:32:55.62
75 -44 -22.2 -22.2 -2.952 -12.177 -8.4 -5.4 6.4 36.7157487 -4.4891565 0.00 224.14 0.99 0.022 11:32:55.71
75 -4 -22.2 -22.2 18.204 -7.995 -9.0 -5.4 3.6 36.7157487 -4.4891565 0.00 224.14 0.99 0.022 11:32:55.82
75 -4 -22.2 -22.2 6.027 -5.166 -9.2 -6.4 0.2 36.7157482 -4.4891575 0.00 242.98 1.04 0.022 11:32:55.92
75 -22 -22.2 -22.2 -9.594 -14.145 -9.9 -6.9 -0.5 36.7157482 -4.4891575 0.00 242.98 1.04 0.022 11:32:56.01
75 -22 -22.2 -22.2 -1.476 -7.134 -10.0 -6.6 -1.1 36.7157476 -4.4891583 0.00 219.99 0.98 0.022 11:32:56.12
75 0 -22.2 -22.2 9.594 1.476 -10.8 -7.2 -3.2 36.7157476 -4.4891583 0.00 219.99 0.98 0.022 11:32:56.21
75 0 -22.2 -22.2 -1.968 -5.166 -12.0 -7.1 -4.3 36.7157476 -4.4891583 0.00 219.99 0.98 0.022 11:32:56.32
75 0 -22.2 -22.2 0.492 -0.738 -13.6 -5.9 -4.2 36.7157471 -4.4891592 0.00 239.30 1.03 0.021 11:32:56.42
75 0 -22.2 -22.2 0.984 -2.952 -15.0 -5.2 -5.0 36.7157462 -4.4891605 0.00 227.09 1.65 0.021 11:32:56.53
75 -7 -22.2 -22.2 2.091 -4.305 -14.5 -6.1 -5.0 36.7157462 -4.4891605 0.00 227.09 1.65 0.021 11:32:56.62
75 -7 -22.2 -22.2 -0.369 -4.797 -13.1 -7.5 -4.8 36.7157456 -4.4891607 0.00 154.35 0.46 0.021 11:32:56.71
75 61 -22.2 -22.2 10.947 29.643 -12.4 -8.6 -4.9 36.7157456 -4.4891607 0.00 154.35 0.46 0.021 11:32:56.82
75 61 -22.2 -22.2 12.177 13.899 -12.8 -8.0 -4.9 36.7157449 -4.4891611 0.00 206.37 0.90 0.021 11:32:56.92
75 13 -22.2 -22.2 6.027 -20.910 -14.1 -6.7 -2.0 36.7157449 -4.4891611 0.00 206.37 0.90 0.021 11:32:57.03
75 13 -22.2 -22.2 13.776 -7.134 -13.6 -7.8 0.7 36.7157444 -4.4891616 0.00 224.16 0.75 0.021 11:32:57.12
75 -4 -22.2 -22.2 11.808 -1.968 -12.8 -9.1 2.4 36.7157444 -4.4891616 0.00 224.16 0.75 0.021 11:32:57.23
75 -4 -22.2 -22.2 7.995 0.123 -13.9 -8.6 3.2 36.7157444 -4.4891616 0.00 224.16 0.75 0.021 11:32:57.32
75 -4 -22.2 -22.2 -5.904 -4.797 -15.0 -8.4 3.5 36.7157440 -4.4891620 0.00 219.33 0.49 0.023 11:32:57.42
75 -4 -22.2 -22.2 5.166 -1.107 -15.2 -10.2 4.0 36.7157434 -4.4891631 0.00 240.06 1.33 0.023 11:32:57.53
75 -20 -22.2 -22.2 -4.551 -7.257 -15.4 -11.2 3.3 36.7157434 -4.4891631 0.00 240.06 1.33 0.023 11:32:57.62
75 -20 -22.2 -22.2 2.583 -5.781 -15.4 -11.4 2.7 36.7157429 -4.4891637 0.00 218.02 0.63 0.023 11:32:57.73
75 1 -22.2 -22.2 9.471 4.428 -14.7 -11.3 0.9 36.7157429 -4.4891637 0.00 218.02 0.63 0.023 11:32:57.82
75 1 -22.2 -22.2 1.107 -0.246 -14.5 -11.3 0.0 36.7157420 -4.4891645 0.00 211.29 1.35 0.023 11:32:57.93
75 8 -22.2 -22.2 6.396 0.615 -14.6 -10.4 0.1 36.7157420 -4.4891645 0.00 211.29 1.35 0.023 11:32:58.03
75 8 -22.6 -23.7 1.968 2.706 -14.4 -9.6 -0.3 36.7157411 -4.4891653 0.00 219.15 1.21 0.023 11:32:58.12
75 0 -22.6 -23.7 4.428 -2.583 -14.4 -8.9 -0.1 36.7157411 -4.4891653 0.00 219.15 1.21 0.023 11:32:58.23
75 0 -22.6 -23.7 4.059 0.984 -14.0 -8.4 -0.2 36.7157411 -4.4891653 0.00 219.15 1.21 0.023 11:32:58.32
75 0 -22.6 -23.7 3.198 0.369 -14.0 -8.0 -0.2 36.7157403 -4.4891660 0.00 213.88 1.13 0.028 11:32:58.43
75 0 -22.6 -23.7 3.075 -2.829 -13.8 -7.5 -0.4 36.7157394 -4.4891667 0.00 214.03 1.05 0.028 11:32:58.53
75 5 -22.6 -23.7 6.150 6.765 -13.2 -7.0 -0.5 36.7157394 -4.4891667 0.00 214.03 1.05 0.028 11:32:58.64
75 5 -22.6 -23.7 3.321 1.722 -12.6 -6.3 -0.6 36.7157385 -4.4891674 0.00 206.88 1.22 0.028 11:32:58.73
75 12 -22.6 -23.7 9.840 4.059 -12.0 -5.6 -0.6 36.7157385 -4.4891674 0.00 206.88 1.22 0.028 11:32:58.82
75 12 -22.6 -23.7 7.749 5.166 -11.3 -4.7 -0.5 36.7157376 -4.4891680 0.00 208.54 1.05 0.028 11:32:58.93
75 11 -22.6 -23.7 5.166 -0.738 -10.6 -3.7 0.0 36.7157376 -4.4891680 0.00 208.54 1.05 0.028 11:32:59.03
75 11 -22.6 -23.7 7.503 6.765 -10.6 -3.3 0.5 36.7157366 -4.4891687 0.00 212.31 1.29 0.028 11:32:59.14
75 8 -22.6 -23.7 5.658 1.845 -10.7 -3.2 1.1 36.7157366 -4.4891687 0.00 212.31 1.29 0.028 11:32:59.23
75 8 -22.6 -23.7 7.749 2.214 -10.7 -3.3 1.7 36.7157366 -4.4891687 0.00 212.31 1.29 0.028 11:32:59.34
75 8 -22.6 -23.7 7.749 6.765 -10.3 -3.3 1.9 36.7157359 -4.4891694 0.00 223.03 0.84 0.028 11:32:59.43
75 8 -22.6 -23.7 4.551 7.380 -10.2 -3.5 2.5 36.7157352 -4.4891701 0.00 216.83 0.95 0.028 11:32:59.53
75 4 -22.6 -23.7 3.936 2.706 -10.0 -3.9 3.1 36.7157352 -4.4891701 0.00 216.83 0.95 0.028 11:32:59.64
75 4 -22.6 -23.7 2.952 6.765 -9.9 -4.8 3.9 36.7157345 -4.4891707 0.00 214.36 0.81 0.028 11:32:59.73
75 6 -22.6 -23.7 5.658 -3.567 -9.7 -5.5 4.1 36.7157345 -4.4891707 0.00 214.36 0.81 0.028 11:32:59.84
75 6 -22.6 -23.7 7.257 4.797 -9.6 -5.5 4.3 36.7157340 -4.4891712 0.00 218.09 0.67 0.028 11:32:59.93
75 3 -22.6 -23.7 3.936 4.305 -9.5 -5.6 4.5 36.7157340 -4.4891712 0.00 218.09 0.67 0.028 11:33:00.04
75 3 -22.6 -23.7 5.781 0.738 -9.7 -6.2 4.8 36.7157333 -4.4891718 0.00 218.32 1.03 0.028 11:33:00.14
75 3 -22.6 -23.7 7.749 1.722 -9.8 -6.1 5.3 36.7157333 -4.4891718 0.00 218.32 1.03 0.028 11:33:00.23
75 3 -22.6 -23.7 0.123 1.230 -10.1 -5.9 5.5 36.7157333 -4.4891718 0.00 218.32 1.03 0.028 11:33:00.34
75 3 -22.6 -23.7 7.257 2.091 -10.4 -6.2 5.7 36.7157328 -4.4891727 0.00 238.36 0.99 0.018 11:33:00.43
75 -3 -22.6 -23.7 6.396 1.230 -10.4 -6.8 6.0 36.7157322 -4.4891734 0.00 223.59 0.84 0.018 11:33:00.54
75 -3 -22.6 -23.7 2.091 -1.230 -10.6 -7.0 6.3 36.7157322 -4.4891734 0.00 223.59 0.84 0.018 11:33:00.64
75 -8 -22.6 -23.7 3.444 -2.337 -11.4 -6.9 6.2 36.7157316 -4.4891742 0.00 229.40 0.93 0.018 11:33:00.75
75 -8 -22.6 -23.7 -2.091 0.492 -11.9 -6.7 5.6 36.7157316 -4.4891742 0.00 229.40 0.93 0.018 11:33:00.84
75 -14 -22.6 -23.7 0.984 -2.337 -11.7 -6.5 5.3 36.7157310 -4.4891752 0.00 234.37 1.14 0.018 11:33:00.93
75 -14 -22.6 -23.7 -1.845 -3.444 -11.7 -6.9 5.0 36.7157310 -4.4891752 0.00 234.37 1.14 0.018 11:33:01.04
75 2 -22.6 -23.7 -2.091 -6.396 -12.3 -7.0 4.3 36.7157304 -4.4891759 0.00 217.82 0.92 0.018 11:33:01.14
75 2 -22.6 -23.7 6.150 0.246 -12.7 -7.3 3.2 36.7157304 -4.4891759 0.00 217.82 0.92 0.018 11:33:01.25
75 2 -22.6 -23.7 0.984 0.492 -12.7 -7.9 2.8 36.7157304 -4.4891759 0.00 217.82 0.92 0.019 11:33:01.34
75 2 -22.6 -23.7 0.861 -5.535 -12.6 -7.7 3.1 36.7157299 -4.4891768 0.00 237.76 0.95 0.019 11:33:01.43
75 7 -22.6 -23.7 4.674 0.492 -12.7 -7.9 3.0 36.7157292 -4.4891774 0.00 212.40 0.92 0.019 11:33:01.54
75 7 -22.6 -23.7 4.551 5.043 -12.5 -8.4 2.9 36.7157292 -4.4891774 0.00 212.40 0.92 0.019 11:33:01.64
75 1 -22.6 -23.7 1.722 -2.706 -12.0 -8.7 3.3 36.7157286 -4.4891780 0.00 218.76 0.80 0.019 11:33:01.75
75 1 -22.6 -23.7 8.979 2.952 -12.1 -8.8 3.2 36.7157286 -4.4891780 0.00 218.76 0.80 0.019 11:33:01.84
75 -4 -22.6 -23.7 4.182 -1.476 -11.8 -9.1 3.5 36.7157280 -4.4891787 0.00 223.22 0.89 0.019 11:33:01.93
75 -4 -22.6 -23.7 5.043 -1.968 -11.8 -9.4 3.4 36.7157280 -4.4891787 0.00 223.22 0.89 0.019 11:33:02.04
75 0 -22.6 -23.7 0.984 0.123 -11.9 -9.2 3.3 36.7157273 -4.4891795 0.00 219.38 1.09 0.019 11:33:02.14
75 0 -22.6 -23.7 1.476 -0.861 -11.5 -8.9 2.8 36.7157273 -4.4891795 0.00 219.38 1.09 0.019 11:33:02.25
75 0 -22.6 -23.7 4.428 0.246 -11.1 -9.0 3.0 36.7157273 -4.4891795 0.00 219.38 1.09 0.021 11:33:02.34
75 0 -22.6 -23.7 6.765 -3.198 -11.3 -9.6 3.0 36.7157265 -4.4891802 0.00 213.99 1.04 0.021 11:33:02.45
75 -5 -22.6 -23.7 5.412 1.230 -11.9 -10.2 2.8 36.7157259 -4.4891807 0.00 225.00 0.63 0.021 11:33:02.54
75 -5 -22.6 -23.7 -3.444 -2.091 -11.8 -10.3 2.8 36.7157259 -4.4891807 0.00 225.00 0.63 0.021 11:33:02.64
75 -1 -22.6 -23.7 1.476 -4.674 -10.9 -9.6 2.4 36.7157252 -4.4891815 0.00 220.22 1.10 0.021 11:33:02.75
75 -1 -22.6 -23.7 5.166 -1.599 -9.7 -8.9 2.0 36.7157252 -4.4891815 0.00 220.22 1.10 0.021 11:33:02.84
75 17 -22.6 -23.7 -0.615 -0.615 -8.4 -7.9 1.6 36.7157242 -4.4891821 0.00 202.30 1.42 0.021 11:33:02.95
75 17 -23.4 -22.2 7.011 4.551 -6.5 -6.3 1.2 36.7157242 -4.4891821 0.00 202.30 1.42 0.021 11:33:03.04
75 22 -23.4 -22.2 3.813 3.198 -5.4 -5.6 1.8 36.7157230 -4.4891827 0.00 198.03 1.44 0.021 11:33:03.14
75 22 -23.4 -22.2 4.182 4.674 -5.9 -6.0 3.4 36.7157230 -4.4891827 0.00 198.03 1.44 0.021 11:33:03.25
75 22 -23.4 -22.2 6.027 3.936 -6.4 -7.0 4.8 36.7157230 -4.4891827 0.00 198.03 1.44 0.019 11:33:03.34
75 22 -23.4 -22.2 12.177 1.599 -6.2 -7.3 6.3 36.7157223 -4.4891833 0.00 235.22 0.69 0.019 11:33:03.45
75 4 -23.4 -22.2 7.872 7.011 -6.0 -6.9 7.6 36.7157217 -4.4891839 0.00 218.39 0.74 0.019 11:33:03.54
75 4 -23.4 -22.2 2.460 -4.059 -5.8 -6.8 9.2 36.7157217 -4.4891839 0.00 218.39 0.74 0.019 11:33:03.64
75 7 -23.4 -22.2 4.428 2.460 -5.5 -6.8 10.2 36.7157210 -4.4891846 0.00 215.50 1.13 0.019 11:33:03.75
75 7 -23.4 -22.2 7.626 3.321 -5.1 -6.4 10.1 36.7157210 -4.4891846 0.00 215.50 1.13 0.019 11:33:03.84
75 -1 -23.4 -22.2 8.856 1.230 -4.4 -5.4 10.4 36.7157202 -4.4891854 0.00 223.94 1.06 0.019 11:33:03.95
75 -1 -23.4 -22.2 0.492 2.460 -3.6 -4.4 10.7 36.7157202 -4.4891854 0.00 223.94 1.06 0.019 11:33:04.04
75 7 -23.4 -22.2 3.198 0.615 -3.5 -4.1 10.9 36.7157193 -4.4891862 0.00 215.84 1.34 0.019 11:33:04.15
75 7 -23.4 -22.2 7.257 3.075 -3.6 -4.4 10.8 36.7157193 -4.4891862 0.00 215.84 1.34 0.019 11:33:04.25
75 7 -23.4 -22.2 3.321 2.952 -3.8 -4.5 11.1 36.7157193 -4.4891862 0.00 215.84 1.34 0.019 11:33:04.34
75 7 -23.4 -22.2 5.412 2.829 -3.9 -4.7 11.5 36.7157188 -4.4891870 0.00 237.88 0.80 0.019 11:33:04.45
75 7 -23.4 -22.2 6.642 5.043 -3.7 -4.2 11.9 36.7157182 -4.4891879 0.00 229.21 0.99 0.019 11:33:04.54
75 7 -23.4 -22.2 1.845 4.797 -3.6 -4.1 12.4 36.7157182 -4.4891879 0.00 229.21 0.99 0.019 11:33:04.65
75 -12 -23.4 -22.2 7.749 2.091 -3.6 -4.7 13.1 36.7157176 -4.4891887 0.00 230.25 0.99 0.019 11:33:04.75
75 -12 -23.4 -22.2 -0.861 -2.952 -3.9 -5.1 13.4 36.7157176 -4.4891887 0.00 230.25 0.99 0.019 11:33:04.85
75 -17 -23.4 -22.2 0.492 -2.706 -3.7 -5.3 13.0 36.7157171 -4.4891895 0.00 235.34 0.83 0.019 11:33:04.95
75 -17 -23.4 -22.2 -1.476 -4.305 -3.7 -5.4 12.5 36.7157171 -4.4891895 0.00 235.34 0.83 0.019 11:33:05.04
75 -17 -23.4 -22.2 -5.043 -7.011 -3.9 -5.6 11.5 36.7157165 -4.4891903 0.00 221.11 0.96 0.019 11:33:05.15
75 -17 -23.4 -22.2 -3.690 -12.054 -4.2 -5.9 10.5 36.7157165 -4.4891903 0.00 221.11 0.96 0.019 11:33:05.25
75 12 -23.4 -22.2 0.492 -9.594 -4.4 -6.4 9.5 36.7157165 -4.4891903 0.00 221.11 0.96 0.019 11:33:05.35
75 12 -23.4 -22.2 4.428 1.722 -4.7 -6.7 8.6 36.7157160 -4.4891912 0.00 241.66 0.94 0.019 11:33:05.45
75 -5 -23.4 -22.2 0.123 -2.460 -5.3 -7.1 8.8 36.7157156 -4.4891920 0.00 239.41 0.80 0.019 11:33:05.56
75 -5 -23.4 -22.2 2.829 -1.353 -5.5 -7.4 9.3 36.7157156 -4.4891920 0.00 239.41 0.80 0.019 11:33:05.65
75 10 -23.4 -22.2 -0.492 1.476 -5.5 -7.9 9.1 36.7157150 -4.4891928 0.00 223.08 0.98 0.019 11:33:05.75
75 10 -23.4 -22.2 6.888 -1.722 -5.6 -8.6 8.7 36.7157150 -4.4891928 0.00 223.08 0.98 0.019 11:33:05.85
75 -4 -23.4 -22.2 1.968 -1.107 -5.8 -9.0 9.0 36.7157145 -4.4891936 0.00 237.96 0.74 0.019 11:33:05.95
75 -4 -23.4 -22.2 3.813 -4.182 -5.9 -9.2 9.4 36.7157145 -4.4891936 0.00 237.96 0.74 0.019 11:33:06.06
75 11 -23.4 -22.2 2.583 -0.123 -6.1 -9.2 9.1 36.7157139 -4.4891943 0.00 222.55 0.98 0.019 11:33:06.15
75 11 -23.4 -22.2 4.059 5.412 -6.7 -9.0 8.8 36.7157139 -4.4891943 0.00 222.55 0.98 0.019 11:33:06.26
75 11 -23.4 -22.2 5.658 -0.738 -7.0 -8.7 9.2 36.7157139 -4.4891943 0.00 222.55 0.98 0.015 11:33:06.35
75 11 -23.4 -22.2 6.642 4.674 -6.8 -9.2 9.6 36.7157134 -4.4891953 0.00 242.08 1.12 0.015 11:33:06.45
75 23 -23.4 -22.2 8.610 0.984 -6.9 -9.7 10.4 36.7157128 -4.4891960 0.00 210.29 0.79 0.015 11:33:06.56
75 23 -23.4 -22.2 12.669 6.888 -7.5 -9.3 10.9 36.7157128 -4.4891960 0.00 210.29 0.79 0.015 11:33:06.65
75 -5 -23.4 -22.2 10.209 5.904 -7.6 -9.3 12.0 36.7157123 -4.4891969 0.00 239.34 1.13 0.015 11:33:06.76
75 -5 -23.4 -22.2 10.209 5.904 -7.8 -9.8 13.5 36.7157123 -4.4891969 0.00 239.34 1.13 0.015 11:33:06.85
75 7 -23.4 -22.2 5.904 2.091 -7.8 -10.1 13.4 36.7157118 -4.4891976 0.00 226.93 0.71 0.015 11:33:06.96
75 7 -23.4 -22.2 4.797 6.888 -8.0 -10.0 13.2 36.7157118 -4.4891976 0.00 226.93 0.71 0.015 11:33:07.06
75 2 -23.4 -22.2 8.733 0.861 -7.8 -10.4 13.4 36.7157112 -4.4891986 0.00 232.44 1.14 0.015 11:33:07.15
75 2 -23.4 -22.2 7.257 2.091 -7.9 -10.9 13.7 36.7157112 -4.4891986 0.00 232.44 1.14 0.015 11:33:07.26
75 2 -23.4 -22.2 6.765 -0.738 -8.1 -10.9 13.9 36.7157112 -4.4891986 0.00 232.44 1.14 0.015 11:33:07.35
75 2 -23.4 -22.2 7.134 1.599 -8.1 -10.9 13.9 36.7157107 -4.4891993 0.00 227.83 0.73 0.015 11:33:07.46
75 1 -23.4 -22.2 7.134 1.599 -8.0 -11.0 13.9 36.7157101 -4.4892002 0.00 232.91 1.03 0.015 11:33:07.56
75 1 -23.4 -22.2 7.380 -1.968 -8.0 -11.2 13.8 36.7157101 -4.4892002 0.00 232.91 1.03 0.015 11:33:07.65
75 3 -23.4 -22.2 7.380 -1.968 -8.0 -11.0 14.0 36.7157095 -4.4892010 0.00 231.80 0.96 0.015 11:33:07.76
75 3 -23.4 -22.2 9.102 0.369 -7.8 -10.9 14.1 36.7157095 -4.4892010 0.00 231.80 0.96 0.015 11:33:07.85
75 7 -23.4 -22.2 7.257 2.952 -7.6 -10.9 14.2 36.7157089 -4.4892019 0.00 226.75 1.05 0.015 11:33:07.96
75 7 -21.4 -23.7 7.626 2.091 -7.5 -11.1 14.4 36.7157089 -4.4892019 0.00 226.75 1.05 0.015 11:33:08.06
75 7 -21.4 -23.7 8.364 1.845 -7.4 -11.0 14.5 36.7157083 -4.4892027 0.00 227.54 0.91 0.015 11:33:08.17
75 7 -21.4 -23.7 8.364 1.845 -7.8 -10.9 15.1 36.7157083 -4.4892027 0.00 227.54 0.91 0.015 11:33:08.26
75 7 -21.4 -23.7 11.931 2.091 -7.7 -10.7 15.2 36.7157083 -4.4892027 0.00 227.54 0.91 0.015 11:33:08.37
75 7 -21.4 -23.7 10.947 2.460 -7.4 -10.6 15.7 36.7157078 -4.4892037 0.00 237.48 1.07 0.015 11:33:08.46
75 7 -21.4 -23.7 10.947 2.460 -7.7 -10.4 16.1 36.7157072 -4.4892045 0.00 227.18 0.99 0.015 11:33:08.56
75 7 -21.4 -23.7 10.209 4.182 -7.7 -10.6 16.4 36.7157072 -4.4892045 0.00 227.18 0.99 0.015 11:33:08.67
75 -2 -21.4 -23.7 10.332 -0.738 -7.5 -10.6 16.8 36.7157066 -4.4892054 0.00 237.40 0.92 0.015 11:33:08.76
75 -2 -21.4 -23.7 7.626 -4.551 -7.4 -10.1 17.2 36.7157066 -4.4892054 0.00 237.40 0.92 0.015 11:33:08.87
75 5 -21.4 -23.7 7.995 2.952 -6.9 -10.2 17.0 36.7157060 -4.4892064 0.00 230.33 1.11 0.015 11:33:08.96
75 5 -21.4 -23.7 7.872 0.000 -7.1 -10.3 17.0 36.7157060 -4.4892064 0.00 230.33 1.11 0.015 11:33:09.06
75 -1 -21.4 -23.7 1.845 -1.476 -7.6 -10.2 17.4 36.7157055 -4.4892073 0.00 236.40 0.91 0.015 11:33:09.17
75 -1 -21.4 -23.7 1.845 -1.476 -7.5 -10.1 17.4 36.7157055 -4.4892073 0.00 236.40 0.91 0.015 11:33:09.26
75 -1 -21.4 -23.7 8.118 -0.738 -7.4 -10.4 17.4 36.7157055 -4.4892073 0.00 236.40 0.91 0.015 11:33:09.37
75 -1 -21.4 -23.7 8.118 1.230 -7.5 -10.7 17.2 36.7157050 -4.4892082 0.00 236.42 1.05 0.015 11:33:09.46
75 -7 -21.4 -23.7 3.075 -3.075 -7.6 -10.8 17.2 36.7157046 -4.4892091 0.00 242.51 0.86 0.015 11:33:09.56
75 -7 -21.4 -23.7 7.380 -0.246 -7.3 -11.2 17.0 36.7157046 -4.4892091 0.00 242.51 0.86 0.015 11:33:09.67
75 7 -21.4 -23.7 -0.861 -5.658 -7.1 -11.1 16.8 36.7157040 -4.4892100 0.00 227.44 0.93 0.015 11:33:09.76
75 7 -21.4 -23.7 9.471 -0.369 -7.0 -11.1 16.4 36.7157040 -4.4892100 0.00 227.44 0.93 0.015 11:33:09.87
75 0 -21.4 -23.7 3.444 1.353 -7.0 -10.7 16.8 36.7157035 -4.4892109 0.00 235.55 1.10 0.015 11:33:09.96
75 0 -21.4 -23.7 -1.476 -2.706 -6.9 -10.9 16.8 36.7157035 -4.4892109 0.00 235.55 1.10 0.015 11:33:10.07
75 1 -21.4 -23.7 7.872 -2.214 -6.5 -11.6 17.1 36.7157029 -4.4892118 0.00 234.25 0.91 0.015 11:33:10.17
75 1 -21.4 -23.7 9.102 -1.722 -6.1 -11.9 17.2 36.7157029 -4.4892118 0.00 234.25 0.91 0.015 11:33:10.28
75 1 -21.4 -23.7 12.177 -3.690 -6.4 -11.3 17.0 36.7157029 -4.4892118 0.00 234.25 0.91 0.015 11:33:10.37
75 1 -21.4 -23.7 4.797 1.845 -6.8 -11.2 17.3 36.7157024 -4.4892124 0.00 213.37 0.73 0.015 11:33:10.46
75 -11 -21.4 -23.7 5.658 -0.492 -6.3 -11.3 17.3 36.7157019 -4.4892135 0.00 247.37 1.29 0.015 11:33:10.57
75 -11 -21.4 -23.7 -1.353 -10.332 -5.9 -11.5 17.4 36.7157019 -4.4892135 0.00 247.37 1.29 0.015 11:33:10.67
75 19 -21.4 -23.7 3.813 -3.075 -5.6 -12.0 16.9 36.7157012 -4.4892143 0.00 215.18 0.95 0.015 11:33:10.78
75 19 -21.4 -23.7 6.273 -2.583 -5.9 -12.9 16.6 36.7157012 -4.4892143 0.00 215.18 0.95 0.015 11:33:10.87
75 -15 -21.4 -23.7 6.273 -2.583 -6.1 -13.2 17.0 36.7157009 -4.4892151 0.00 251.16 0.71 0.015 11:33:10.98
75 -15 -21.4 -23.7 6.888 -15.867 -5.7 -12.6 17.8 36.7157009 -4.4892151 0.00 251.16 0.71 0.015 11:33:11.07
75 8 -21.4 -23.7 -1.722 -4.920 -5.2 -11.9 18.0 36.7157002 -4.4892161 0.00 227.01 1.20 0.015 11:33:11.17
75 8 -21.4 -23.7 10.578 0.492 -5.4 -11.7 17.3 36.7157002 -4.4892161 0.00 227.01 1.20 0.015 11:33:11.28
75 8 -21.4 -23.7 5.904 2.706 -6.0 -11.8 17.5 36.7157002 -4.4892161 0.00 227.01 1.20 0.015 11:33:11.37
75 8 -21.4 -23.7 -0.123 -3.813 -5.6 -11.5 17.6 36.7156997 -4.4892171 0.00 238.04 1.09 0.015 11:33:11.48
75 -3 -21.4 -23.7 8.364 1.845 -5.8 -11.5 17.9 36.7156992 -4.4892180 0.00 239.22 0.97 0.015 11:33:11.57
75 -3 -21.4 -23.7 1.353 -5.289 -5.5 -11.3 18.2 36.7156992 -4.4892180 0.00 239.22 0.97 0.015 11:33:11.68
75 8 -21.4 -23.7 4.797 -3.198 -5.7 -11.3 18.0 36.7156986 -4.4892189 0.00 227.52 0.97 0.015 11:33:11.78
75 8 -21.4 -23.7 13.776 1.230 -5.9 -11.4 17.7 36.7156986 -4.4892189 0.00 227.52 0.97 0.015 11:33:11.87
75 -14 -21.4 -23.7 3.813 1.353 -5.6 -12.4 18.1 36.7156983 -4.4892200 0.00 250.27 1.00 0.015 11:33:11.98
75 -14 -21.4 -23.7 -1.599 -10.209 -5.4 -14.0 18.4 36.7156983 -4.4892200 0.00 250.27 1.00 0.015 11:33:12.07
75 32 -21.4 -23.7 5.658 -6.027 -5.2 -15.0 17.8 36.7156979 -4.4892204 0.00 202.10 0.45 0.015 11:33:12.18
75 32 -21.4 -23.7 17.958 14.145 -5.2 -16.1 17.4 36.7156979 -4.4892204 0.00 202.10 0.45 0.015 11:33:12.28
75 32 -21.4 -23.7 9.717 0.615 -5.5 -16.3 18.3 36.7156975 -4.4892211 0.00 241.65 0.79 0.012 11:33:12.39
75 32 -21.4 -23.7 11.193 5.289 -5.7 -16.9 19.6 36.7156975 -4.4892211 0.00 241.65 0.79 0.012 11:33:12.48
75 -1 -21.4 -23.7 12.423 4.305 -6.0 -17.2 20.7 36.7156971 -4.4892218 0.00 236.87 0.70 0.012 11:33:12.57
75 -1 -21.4 -23.7 11.685 -8.118 -6.2 -17.7 21.7 36.7156971 -4.4892218 0.00 236.87 0.70 0.012 11:33:12.68
75 -9 -21.4 -23.7 9.717 -4.674 -6.5 -18.2 21.8 36.7156968 -4.4892225 0.00 245.18 0.70 0.012 11:33:12.78
75 -9 -21.4 -23.7 14.145 -4.182 -6.6 -18.3 21.7 36.7156968 -4.4892225 0.00 245.18 0.70 0.012 11:33:12.89
75 -5 -21.4 -23.7 10.578 -2.829 -6.4 -18.3 21.6 36.7156964 -4.4892234 0.00 241.01 0.98 0.012 11:33:12.98
75 -5 -24.1 -26.0 12.792 -1.353 -5.9 -17.9 21.7 36.7156964 -4.4892234 0.00 241.01 0.98 0.012 11:33:13.09
75 2 -24.1 -26.0 12.423 -2.337 -5.5 -17.6 21.7 36.7156958 -4.4892244 0.00 233.16 1.21 0.012 11:33:13.18
75 2 -24.1 -26.0 3.444 2.829 -5.7 -17.3 22.1 36.7156958 -4.4892244 0.00 233.16 1.21 0.012 11:33:13.28
75 2 -24.1 -26.0 3.198 -1.722 -5.7 -16.9 21.9 36.7156952 -4.4892255 0.00 233.22 1.24 0.012 11:33:13.39
75 2 -24.1 -26.0 8.364 -1.353 -5.8 -16.8 22.1 36.7156952 -4.4892255 0.00 233.22 1.24 0.012 11:33:13.48
75 -12 -24.1 -26.0 7.380 1.968 -5.7 -17.0 22.1 36.7156947 -4.4892266 0.00 247.51 1.06 0.012 11:33:13.59
75 -12 -24.1 -26.0 2.091 -11.931 -5.8 -17.2 22.1 36.7156947 -4.4892266 0.00 247.51 1.06 0.012 11:33:13.68
75 0 -24.1 -26.0 7.626 -3.075 -6.2 -16.9 21.5 36.7156943 -4.4892275 0.00 234.21 0.81 0.012 11:33:13.78
75 0 -24.1 -26.0 7.749 -1.353 -6.1 -16.5 21.2 36.7156943 -4.4892275 0.00 234.21 0.81 0.012 11:33:13.89
75 -11 -24.1 -26.0 3.936 -6.150 -5.8 -16.1 20.9 36.7156938 -4.4892287 0.00 245.72 1.23 0.012 11:33:13.98
75 -11 -24.1 -26.0 -0.984 -6.888 -5.8 -15.8 20.8 36.7156938 -4.4892287 0.00 245.72 1.23 0.012 11:33:14.09
75 1 -24.1 -26.0 2.460 -12.300 -5.9 -15.5 20.2 36.7156933 -4.4892296 0.00 233.16 0.96 0.012 11:33:14.18
75 1 -24.1 -26.0 11.316 2.214 -5.8 -15.5 19.6 36.7156933 -4.4892296 0.00 233.16 0.96 0.012 11:33:14.29
75 1 -24.1 -26.0 2.460 0.369 -5.9 -16.1 19.7 36.7156928 -4.4892307 0.00 243.75 1.09 0.014 11:33:14.39
75 1 -24.1 -26.0 2.091 -6.519 -5.9 -16.0 19.6 36.7156928 -4.4892307 0.00 243.75 1.09 0.014 11:33:14.50
0 0 -24.1 -26.0 9.225 -7.257 -5.8 -15.9 19.7 36.7156924 -4.4892316 0.00 232.48 0.85 0.014 11:33:14.59
0 0 -24.1 -26.0 -31.734 32.718 -5.9 -15.5 19.4 36.7156924 -4.4892316 0.00 232.48 0.85 0.014 11:33:14.68
0 0 -24.1 -26.0 -4.674 16.605 -6.9 -13.3 19.1 36.7156919 -4.4892326 0.00 240.41 1.05 0.014 11:33:14.79
0 0 -24.1 -26.0 -1.599 1.107 -6.4 -15.4 18.8 36.7156919 -4.4892326 0.00 240.41 1.05 0.014 11:33:14.89
0 0 -24.1 -26.0 3.567 -2.706 -5.6 -16.1 18.6 36.7156919 -4.4892326 0.00 42.74 0.45 0.014 11:33:15.00
0 0 -24.1 -26.0 1.599 -0.123 -5.9 -15.2 18.6 36.7156919 -4.4892326 0.00 42.74 0.45 0.014 11:33:15.09
0 0 -24.1 -26.0 -1.230 1.476 -6.3 -15.0 18.6 36.7156919 -4.4892326 0.00 147.94 0.10 0.014 11:33:15.18
0 0 -24.1 -26.0 -0.615 0.615 -5.7 -15.4 18.4 36.7156919 -4.4892326 0.00 147.94 0.10 0.014 11:33:15.29
0 0 -24.1 -26.0 0.738 -0.984 -6.0 -15.6 18.5 36.7156918 -4.4892325 0.00 100.05 0.11 0.011 11:33:15.39
0 0 -24.1 -26.0 -0.369 -0.123 -5.8 -15.4 18.4 36.7156918 -4.4892325 0.00 100.05 0.11 0.011 11:33:15.50
0 0 -24.1 -26.0 0.246 0.000 -5.9 -15.3 18.6 36.7156919 -4.4892326 0.00 304.75 0.14 0.011 11:33:15.59
0 0 -24.1 -26.0 0.492 0.000 -5.9 -15.4 18.4 36.7156919 -4.4892326 0.00 304.75 0.14 0.011 11:33:15.68
0 0 -24.1 -26.0 0.000 -0.246 -5.8 -15.5 18.5 36.7156918 -4.4892326 0.00 149.54 0.07 0.011 11:33:15.79
0 0 -24.1 -26.0 -0.369 -0.246 -5.8 -15.5 18.4 36.7156918 -4.4892326 0.00 149.54 0.07 0.011 11:33:15.89
0 0 -24.1 -26.0 -0.123 -0.492 -5.8 -15.5 18.5 36.7156919 -4.4892326 0.00 8.87 0.10 0.011 11:33:16.00
0 0 -24.1 -26.0 0.123 0.492 -5.9 -15.5 18.5 36.7156919 -4.4892326 0.00 8.87 0.10 0.011 11:33:16.09
0 0 -24.1 -26.0 0.000 0.000 -5.8 -15.5 18.5 36.7156918 -4.4892326 0.00 204.61 0.09 0.011 11:33:16.20
0 0 -24.1 -26.0 -0.492 0.000 -5.8 -15.5 18.5 36.7156918 -4.4892326 0.00 204.61 0.09 0.011 11:33:16.29
0 0 -24.1 -26.0 -0.492 0.123 -5.8 -15.5 18.5 36.7156919 -4.4892326 0.00 23.99 0.08 0.011 11:33:16.39
0 0 -24.1 -26.0 -0.123 0.246 -5.8 -15.5 18.5 36.7156919 -4.4892326 0.00 23.99 0.08 0.011 11:33:16.50
0 0 -24.1 -26.0 -0.123 0.123 -5.8 -15.5 18.5 36.7156918 -4.4892326 0.00 169.27 0.08 0.011 11:33:16.59
0 0 -24.1 -26.0 -0.615 0.000 -5.8 -15.6 18.5 36.7156918 -4.4892326 0.00 169.27 0.08 0.011 11:33:16.70
0 0 -24.1 -26.0 -1.107 -0.615 -5.8 -15.6 18.5 36.7156919 -4.4892326 0.00 354.55 0.08 0.011 11:33:16.79
0 0 -24.1 -26.0 -0.369 0.123 -5.7 -15.6 18.5 36.7156919 -4.4892326 0.00 354.55 0.08 0.011 11:33:16.89
0 0 -24.1 -26.0 -0.738 -0.492 -5.7 -15.6 18.5 36.7156919 -4.4892326 0.00 269.19 0.04 0.011 11:33:17.00
0 0 -24.1 -26.0 -0.369 -0.369 -5.7 -15.6 18.5 36.7156919 -4.4892326 0.00 269.19 0.04 0.011 11:33:17.09
0 0 -24.1 -26.0 0.246 -0.369 -5.7 -15.6 18.5 36.7156919 -4.4892326 0.00 41.43 0.02 0.011 11:33:17.20
0 0 -24.1 -26.0 -0.861 0.000 -5.7 -15.6 18.5 36.7156919 -4.4892326 0.00 41.43 0.02 0.011 11:33:17.29
0 0 -24.1 -26.0 0.000 -0.123 -5.7 -15.6 18.5 36.7156918 -4.4892326 0.00 162.84 0.10 0.011 11:33:17.39
0 0 -24.1 -26.0 0.000 0.000 -5.7 -15.6 18.5 36.7156918 -4.4892326 0.00 162.84 0.10 0.011 11:33:17.50
0 0 -24.1 -26.0 -0.246 -0.246 -5.6 -15.6 18.5 36.7156918 -4.4892326 0.00 347.34 0.09 0.011 11:33:17.59
0 0 -24.1 -26.0 -1.107 -0.369 -5.6 -15.7 18.5 36.7156918 -4.4892326 0.00 347.34 0.09 0.011 11:33:17.70
0 0 -24.1 -26.0 -0.369 -0.861 -5.6 -15.7 18.5 36.7156918 -4.4892326 0.00 229.49 0.04 0.011 11:33:17.79
0 0 -24.1 -26.0 0.615 -0.369 -5.6 -15.7 18.5 36.7156919 -4.4892326 0.00 4.65 0.07 0.011 11:33:17.90
0 0 -24.1 -26.0 -0.123 0.369 -5.6 -15.7 18.5 36.7156919 -4.4892326 0.00 4.65 0.07 0.011 11:33:18.00
0 0 0.0 0.0 -0.369 0.123 -5.6 -15.7 18.5 36.7156918 -4.4892326 0.00 170.43 0.12 0.011 11:33:18.10
0 0 0.0 0.0 -0.615 0.123 -5.6 -15.7 18.5 36.7156918 -4.4892326 0.00 170.43 0.12 0.011 11:33:18.20
0 0 0.0 0.0 0.000 -0.246 -5.5 -15.7 18.5 36.7156918 -4.4892326 0.00 170.43 0.12 0.011 11:33:18.29
0 0 0.0 0.0 0.123 0.000 -5.5 -15.7 18.5 36.7156919 -4.4892326 0.00 348.23 0.11 0.015 11:33:18.40
0 0 0.0 0.0 -0.615 0.246 -5.5 -15.7 18.5 36.7156918 -4.4892326 0.00 178.38 0.07 0.015 11:33:18.50
0 0 0.0 0.0 -0.369 -0.246 -5.5 -15.7 18.5 36.7156918 -4.4892326 0.00 178.38 0.07 0.015 11:33:18.60
0 0 0.0 0.0 0.246 -0.246 -5.5 -15.7 18.5 36.7156918 -4.4892326 0.00 42.74 0.02 0.015 11:33:18.70
0 0 0.0 0.0 -0.123 -0.738 -5.5 -15.7 18.5 36.7156918 -4.4892326 0.00 42.74 0.02 0.015 11:33:18.79
0 0 0.0 0.0 0.615 -0.861 -5.5 -15.8 18.5 36.7156919 -4.4892326 0.00 335.82 0.09 0.015 11:33:18.90
0 0 0.0 0.0 -0.615 -0.369 -5.5 -15.8 18.5 36.7156919 -4.4892326 0.00 335.82 0.09 0.015 11:33:19.00
0 0 0.0 0.0 -0.369 -0.246 -5.5 -15.8 18.6 36.7156919 -4.4892326 0.00 174.74 0.06 0.015 11:33:19.10
0 0 0.0 0.0 -0.369 0.000 -5.5 -15.8 18.6 36.7156919 -4.4892326 0.00 174.74 0.06 0.015 11:33:19.20
0 0 0.0 0.0 -0.246 -0.246 -5.4 -15.8 18.5 36.7156919 -4.4892326 0.00 174.74 0.06 0.015 11:33:19.31
0 0 0.0 0.0 -0.861 -0.369 -5.4 -15.8 18.6 36.7156919 -4.4892326 0.00 70.75 0.03 0.038 11:33:19.40
0 0 0.0 0.0 -0.246 0.123 -5.4 -15.8 18.6 36.7156919 -4.4892326 0.00 150.98 0.03 0.038 11:33:19.50
0 0 0.0 0.0 -0.123 0.123 -5.4 -15.8 18.6 36.7156919 -4.4892326 0.00 150.98 0.03 0.038 11:33:19.60
0 0 0.0 0.0 0.246 -0.369 -5.4 -15.8 18.6 36.7156919 -4.4892326 0.00 287.02 0.03 0.038 11:33:19.70
0 0 0.0 0.0 0.000 -0.615 -5.4 -15.8 18.6 36.7156919 -4.4892326 0.00 287.02 0.03 0.038 11:33:19.81
0 0 0.0 0.0 -0.246 -0.123 -5.4 -15.8 18.6 36.7156919 -4.4892326 0.00 353.68 0.03 0.038 11:33:19.90
0 0 0.0 0.0 -0.615 0.000 -5.4 -15.9 18.6 36.7156919 -4.4892326 0.00 353.68 0.03 0.038 11:33:20.00
0 0 0.0 0.0 -0.738 0.123 -5.4 -15.9 18.6 36.7156918 -4.4892326 0.00 179.83 0.07 0.038 11:33:20.10
0 0 0.0 0.0 0.000 -0.123 -5.3 -15.9 18.6 36.7156918 -4.4892326 0.00 179.83 0.07 0.038 11:33:20.20
0 0 0.0 0.0 -0.738 0.123 -5.3 -15.9 18.6 36.7156918 -4.4892326 0.00 179.83 0.07 0.038 11:33:20.31
0 0 0.0 0.0 -0.123 -0.246 -5.3 -15.9 18.6 36.7156919 -4.4892326 0.00 349.54 0.10 0.034 11:33:20.40
0 0 0.0 0.0 0.246 -0.369 -5.3 -15.9 18.6 36.7156919 -4.4892326 0.00 181.67 0.05 0.034 11:33:20.50
0 0 0.0 0.0 -0.123 -0.123 -5.3 -15.9 18.6 36.7156919 -4.4892326 0.00 181.67 0.05 0.034 11:33:20.60
0 0 0.0 0.0 -0.123 -0.123 -5.3 -15.9 18.6 36.7156918 -4.4892326 0.00 151.79 0.05 0.034 11:33:20.70
0 0 0.0 0.0 0.246 -0.123 -5.3 -15.9 18.6 36.7156918 -4.4892326 0.00 151.79 0.05 0.034 11:33:20.81
0 0 0.0 0.0 0.246 -0.615 -5.3 -15.9 18.6 36.7156918 -4.4892326 0.00 325.69 0.09 0.034 11:33:20.90
0 0 0.0 0.0 0.000 -0.492 -5.3 -15.9 18.6 36.7156918 -4.4892326 0.00 325.69 0.09 0.034 11:33:21.00
0 0 0.0 0.0 -0.246 -0.738 -5.3 -15.9 18.6 36.7156919 -4.4892326 0.00 39.91 0.01 0.034 11:33:21.10
0 0 0.0 0.0 -0.615 -0.246 -5.3 -15.9 18.6 36.7156919 -4.4892326 0.00 39.91 0.01 0.034 11:33:21.20
0 0 0.0 0.0 -0.246 -0.738 -5.3 -15.9 18.6 36.7156919 -4.4892326 0.00 39.91 0.01 0.034 11:33:21.31
0 0 0.0 0.0 -0.369 -0.492 -5.2 -16.0 18.6 36.7156918 -4.4892326 0.00 150.44 0.03 0.027 11:33:21.40
0 0 0.0 0.0 0.000 0.123 -5.2 -16.0 18.6 36.7156919 -4.4892326 0.00 298.69 0.03 0.027 11:33:21.51
0 0 0.0 0.0 -0.492 0.492 -5.2 -16.0 18.6 36.7156919 -4.4892326 0.00 298.69 0.03 0.027 11:33:21.60
0 0 0.0 0.0 -0.123 0.123 -5.2 -16.0 18.6 36.7156918 -4.4892326 0.00 169.51 0.02 0.027 11:33:21.70
0 0 0.0 0.0 0.000 -0.123 -5.2 -16.0 18.6 36.7156918 -4.4892326 0.00 169.51 0.02 0.027 11:33:21.81
0 0 0.0 0.0 -0.246 0.615 -5.2 -15.9 18.6 36.7156919 -4.4892326 0.00 81.48 0.03 0.027 11:33:21.90
0 0 0.0 0.0 -0.492 -0.369 -5.2 -16.0 18.6 36.7156919 -4.4892326 0.00 81.48 0.03 0.027 11:33:22.01
0 0 0.0 0.0 -0.738 -0.738 -5.1 -16.0 18.6 36.7156918 -4.4892326 0.00 179.34 0.03 0.027 11:33:22.10
0 0 0.0 0.0 0.123 -0.123 -5.1 -15.9 18.6 36.7156918 -4.4892326 0.00 179.34 0.03 0.027 11:33:22.21
0 0 0.0 0.0 0.246 -0.246 -5.1 -15.9 18.6 36.7156918 -4.4892326 0.00 179.34 0.03 0.027 11:33:22.31
0 0 0.0 0.0 -0.246 -0.246 -5.1 -16.0 18.6 36.7156919 -4.4892326 0.00 336.87 0.10 0.049 11:33:22.40
0 0 0.0 0.0 0.123 0.000 -5.1 -16.0 18.6 36.7156919 -4.4892326 0.00 355.12 0.01 0.049 11:33:22.51
0 0 0.0 0.0 -0.615 -0.369 -5.1 -16.0 18.6 36.7156919 -4.4892326 0.00 355.12 0.01 0.049 11:33:22.60
0 0 0.0 0.0 0.246 0.369 -5.1 -16.0 18.6 36.7156919 -4.4892326 0.00 164.66 0.06 0.049 11:33:22.71
0 0 0.0 0.0 -0.246 0.738 -5.0 -16.0 18.6 36.7156919 -4.4892326 0.00 164.66 0.06 0.049 11:33:22.81
0 0 0.0 0.0 -0.246 -0.369 -5.0 -16.0 18.6 36.7156919 -4.4892326 0.00 316.69 0.04 0.049 11:33:22.90
0 0 0.0 0.0 -0.492 0.123 -5.0 -16.0 18.6 36.7156919 -4.4892326 0.00 316.69 0.04 0.049 11:33:23.01
0 0 0.0 0.0 -0.369 -0.615 -5.0 -16.0 18.6 36.7156919 -4.4892326 0.00 8.28 0.03 0.049 11:33:23.10
0 0 0.0 0.0 -0.492 -0.369 -5.0 -16.0 18.6 36.7156919 -4.4892326 0.00 8.28 0.03 0.049 11:33:23.21
0 0 0.0 0.0 -0.246 -0.369 -5.0 -16.0 18.6 36.7156919 -4.4892326 0.00 8.28 0.03 0.049 11:33:23.31
0 0 0.0 0.0 -0.615 0.000 -5.0 -16.0 18.6 36.7156919 -4.4892326 0.00 160.29 0.05 0.016 11:33:23.42
0 0 0.0 0.0 0.000 -0.123 -5.0 -16.0 18.6 36.7156919 -4.4892326 0.00 346.48 0.03 0.016 11:33:23.51
0 0 0.0 0.0 -0.369 0.000 -5.0 -16.0 18.6 36.7156919 -4.4892326 0.00 346.48 0.03 0.016 11:33:23.62
0 0 0.0 0.0 0.861 0.615 -5.0 -16.0 18.6 36.7156919 -4.4892326 0.00 261.31 0.03 0.016 11:33:23.71
0 0 0.0 0.0 0.000 0.246 -5.0 -16.0 18.6 36.7156919 -4.4892326 0.00 261.31 0.03 0.016 11:33:23.81
0 0 0.0 0.0 -0.369 -0.984 -4.9 -16.0 18.6 36.7156919 -4.4892326 0.00 74.69 0.06 0.016 11:33:23.92
0 0 0.0 0.0 0.000 0.615 -4.9 -16.0 18.6 36.7156919 -4.4892326 0.00 74.69 0.06 0.016 11:33:24.01
0 0 0.0 0.0 -0.369 -0.492 -4.9 -16.0 18.6 36.7156919 -4.4892326 0.00 280.33 0.07 0.016 11:33:24.12
0 0 0.0 0.0 -0.246 -0.369 -4.9 -16.0 18.6 36.7156919 -4.4892326 0.00 280.33 0.07 0.016 11:33:24.21
0 0 0.0 0.0 -0.123 0.000 -4.9 -16.0 18.6 36.7156919 -4.4892326 0.00 280.33 0.07 0.016 11:33:24.31
0 0 0.0 0.0 -0.615 -0.738 -4.9 -16.0 18.6 36.7156918 -4.4892326 0.00 158.25 0.05 0.016 11:33:24.42
0 0 0.0 0.0 -0.861 -0.615 -4.9 -16.1 18.6 36.7156918 -4.4892326 0.00 350.62 0.03 0.016 11:33:24.51
0 0 0.0 0.0 -0.369 -0.615 -4.9 -16.1 18.6 36.7156918 -4.4892326 0.00 350.62 0.03 0.016 11:33:24.62
0 0 0.0 0.0 -0.369 -0.246 -4.9 -16.1 18.6 36.7156919 -4.4892326 0.00 28.11 0.04 0.016 11:33:24.71
0 0 0.0 0.0 0.000 0.123 -4.9 -16.1 18.6 36.7156919 -4.4892326 0.00 28.11 0.04 0.016 11:33:24.82
0 0 0.0 0.0 -0.738 -0.246 -4.9 -16.1 18.6 36.7156919 -4.4892326 0.00 344.69 0.05 0.016 11:33:24.92
