0 0 0.0 0.0 0.000 -0.246 2.1 -14.9 -150.1 36.7156451 -4.4891602 0.00 213.29 0.05 0.011 11:49:29.82
0 0 0.0 0.0 0.000 -0.369 2.1 -14.9 -150.1 36.7156451 -4.4891601 0.00 126.90 0.04 0.011 11:49:29.93
0 0 0.0 0.0 -0.492 0.000 2.1 -14.9 -150.1 36.7156451 -4.4891601 0.00 126.90 0.04 0.011 11:49:30.03
0 0 0.0 0.0 0.123 -0.984 2.1 -14.9 -150.1 36.7156451 -4.4891601 0.00 323.61 0.05 0.011 11:49:30.14
0 0 0.0 0.0 0.123 -0.246 2.1 -14.8 -150.1 36.7156451 -4.4891601 0.00 323.61 0.05 0.011 11:49:30.23
0 0 0.0 0.0 -0.123 -0.369 2.1 -14.8 -150.1 36.7156451 -4.4891601 0.00 323.61 0.05 0.011 11:49:30.34
0 0 0.0 0.0 -0.369 -0.738 2.1 -14.8 -150.1 36.7156451 -4.4891601 0.00 144.34 0.04 0.015 11:49:30.43
0 0 0.0 0.0 -0.369 -0.246 2.1 -14.8 -150.1 36.7156451 -4.4891601 0.00 356.20 0.05 0.015 11:49:30.53
0 0 0.0 0.0 0.000 -0.246 2.1 -14.8 -150.1 36.7156451 -4.4891601 0.00 356.20 0.05 0.015 11:49:30.64
0 0 0.0 0.0 -0.369 -0.369 2.1 -14.8 -150.1 36.7156450 -4.4891602 0.00 219.69 0.13 0.015 11:49:30.73
0 0 0.0 0.0 -0.492 -0.492 2.1 -14.8 -150.1 36.7156450 -4.4891602 0.00 219.69 0.13 0.015 11:49:30.84
0 0 0.0 0.0 0.123 -0.369 2.1 -14.8 -150.1 36.7156450 -4.4891601 0.00 64.53 0.11 0.015 11:49:30.93
0 0 0.0 0.0 -0.492 -0.492 2.1 -14.8 -150.1 36.7156450 -4.4891601 0.00 64.53 0.11 0.015 11:49:31.03
0 0 0.0 0.0 -0.492 -0.492 2.1 -14.8 -150.1 36.7156450 -4.4891602 0.00 290.79 0.07 0.015 11:49:31.14
0 0 0.0 0.0 0.123 0.000 2.1 -14.8 -150.1 36.7156450 -4.4891602 0.00 290.79 0.07 0.015 11:49:31.23
0 0 0.0 0.0 0.123 -0.615 2.1 -14.8 -150.1 36.7156450 -4.4891602 0.00 290.79 0.07 0.015 11:49:31.34
0 0 0.0 0.0 -0.492 -0.123 2.1 -14.8 -150.1 36.7156450 -4.4891602 0.00 262.05 0.02 0.018 11:49:31.43
0 0 0.0 0.0 0.123 -0.861 2.0 -14.8 -150.1 36.7156450 -4.4891601 0.00 97.59 0.09 0.018 11:49:31.54
0 0 0.0 0.0 0.123 -0.738 2.1 -14.8 -150.1 36.7156450 -4.4891601 0.00 97.59 0.09 0.018 11:49:31.64
0 0 0.0 0.0 -0.246 -1.107 2.1 -14.8 -150.1 36.7156451 -4.4891602 0.00 319.75 0.10 0.018 11:49:31.75
0 0 0.0 0.0 0.123 0.369 2.1 -14.8 -150.1 36.7156451 -4.4891602 0.00 319.75 0.10 0.018 11:49:31.84
0 0 0.0 0.0 -0.369 0.123 2.0 -14.8 -150.1 36.7156451 -4.4891602 0.00 159.55 0.04 0.018 11:49:31.93
0 0 0.0 0.0 -0.123 0.123 2.1 -14.8 -150.2 36.7156451 -4.4891602 0.00 159.55 0.04 0.018 11:49:32.04
0 0 0.0 0.0 0.246 -0.492 2.1 -14.8 -150.2 36.7156451 -4.4891602 0.00 351.75 0.06 0.018 11:49:32.14
0 0 0.0 0.0 0.246 0.000 2.1 -14.8 -150.2 36.7156451 -4.4891602 0.00 351.75 0.06 0.018 11:49:32.25
0 0 0.0 0.0 -0.246 -0.246 2.1 -14.8 -150.2 36.7156450 -4.4891602 0.00 166.11 0.11 0.015 11:49:32.34
0 0 0.0 0.0 -0.123 -0.492 2.1 -14.8 -150.2 36.7156450 -4.4891602 0.00 166.11 0.11 0.015 11:49:32.43
0 0 0.0 0.0 -0.615 0.123 2.1 -14.8 -150.2 36.7156451 -4.4891602 0.00 346.71 0.10 0.015 11:49:32.54
0 0 0.0 0.0 0.000 -0.615 2.1 -14.8 -150.2 36.7156451 -4.4891602 0.00 346.71 0.10 0.015 11:49:32.64
0 0 0.0 0.0 -0.246 -0.369 2.1 -14.8 -150.2 36.7156450 -4.4891602 0.00 209.68 0.06 0.015 11:49:32.75
0 0 0.0 0.0 -0.246 -0.492 2.1 -14.8 -150.2 36.7156450 -4.4891602 0.00 209.68 0.06 0.015 11:49:32.84
0 0 0.0 0.0 -0.123 -0.246 2.1 -14.8 -150.2 36.7156451 -4.4891602 0.00 83.16 0.03 0.015 11:49:32.93
0 0 0.0 0.0 0.123 -0.246 2.1 -14.8 -150.2 36.7156451 -4.4891602 0.00 83.16 0.03 0.015 11:49:33.04
0 0 0.0 0.0 0.123 -0.492 2.1 -14.8 -150.3 36.7156451 -4.4891602 0.00 354.54 0.02 0.015 11:49:33.14
0 0 0.0 0.0 -0.246 -0.369 2.1 -14.8 -150.3 36.7156451 -4.4891602 0.00 354.54 0.02 0.015 11:49:33.25
0 0 0.0 0.0 -0.369 -0.369 2.1 -14.8 -150.3 36.7156451 -4.4891602 0.00 255.50 0.04 0.011 11:49:33.34
0 0 0.0 0.0 -0.369 0.246 2.1 -14.8 -150.3 36.7156451 -4.4891602 0.00 255.50 0.04 0.011 11:49:33.45
0 0 0.0 0.0 0.615 0.123 2.1 -14.8 -150.3 36.7156451 -4.4891602 0.00 302.92 0.02 0.011 11:49:33.54
0 0 0.0 0.0 0.000 -0.246 2.1 -14.8 -150.3 36.7156451 -4.4891602 0.00 302.92 0.02 0.011 11:49:33.64
0 0 0.0 0.0 -0.369 0.000 2.1 -14.8 -150.3 36.7156451 -4.4891602 0.00 54.47 0.05 0.011 11:49:33.75
0 0 0.0 0.0 -0.369 -0.615 2.1 -14.7 -150.2 36.7156451 -4.4891602 0.00 54.47 0.05 0.011 11:49:33.84
0 0 0.0 0.0 -0.246 0.123 2.1 -14.7 -150.3 36.7156451 -4.4891602 0.00 303.82 0.05 0.011 11:49:33.95
0 0 0.0 0.0 -0.123 -0.615 2.1 -14.7 -150.3 36.7156451 -4.4891602 0.00 303.82 0.05 0.011 11:49:34.04
0 0 0.0 0.0 0.000 -0.246 2.1 -14.8 -150.2 36.7156451 -4.4891602 0.00 201.16 0.03 0.011 11:49:34.14
0 0 0.0 0.0 0.492 -0.369 2.1 -14.8 -150.2 36.7156451 -4.4891602 0.00 201.16 0.03 0.011 11:49:34.25
0 0 0.0 0.0 -0.369 -0.246 2.1 -14.8 -150.2 36.7156451 -4.4891602 0.00 139.39 0.09 0.011 11:49:34.34
0 0 0.0 0.0 -0.246 0.369 2.1 -14.8 -150.2 36.7156451 -4.4891602 0.00 139.39 0.09 0.011 11:49:34.45
0 0 0.0 0.0 0.123 -0.492 2.1 -14.8 -150.2 36.7156451 -4.4891602 0.00 308.20 0.06 0.011 11:49:34.54
0 0 0.0 0.0 0.123 -0.738 2.1 -14.8 -150.2 36.7156451 -4.4891602 0.00 308.20 0.06 0.011 11:49:34.64
0 0 0.0 0.0 0.246 -0.246 2.1 -14.8 -150.2 36.7156451 -4.4891602 0.00 350.50 0.03 0.011 11:49:34.75
0 0 0.0 0.0 0.246 -0.123 2.1 -14.8 -150.2 36.7156451 -4.4891602 0.00 350.50 0.03 0.011 11:49:34.84
0 0 0.0 0.0 -0.369 -0.369 2.1 -14.8 -150.2 36.7156451 -4.4891602 0.00 73.63 0.00 0.011 11:49:34.95
0 0 0.0 0.0 -0.123 -0.369 2.1 -14.8 -150.2 36.7156451 -4.4891602 0.00 73.63 0.00 0.011 11:49:35.04
0 0 0.0 0.0 0.492 -0.492 2.1 -14.8 -150.2 36.7156450 -4.4891602 0.00 169.34 0.04 0.011 11:49:35.14
0 0 0.0 0.0 -0.246 -0.369 2.1 -14.8 -150.2 36.7156450 -4.4891602 0.00 169.34 0.04 0.011 11:49:35.25
0 0 0.0 0.0 0.246 -0.492 2.1 -14.8 -150.2 36.7156450 -4.4891602 0.00 282.36 0.04 0.011 11:49:35.34
0 0 0.0 0.0 -0.369 -0.123 2.1 -14.8 -150.2 36.7156450 -4.4891602 0.00 282.36 0.04 0.011 11:49:35.45
0 0 0.0 0.0 -0.246 -0.615 2.1 -14.8 -150.2 36.7156451 -4.4891602 0.00 46.89 0.03 0.011 11:49:35.54
0 0 0.0 0.0 -0.369 -0.246 2.1 -14.8 -150.3 36.7156451 -4.4891602 0.00 46.89 0.03 0.011 11:49:35.64
0 0 0.0 0.0 -0.123 0.000 2.1 -14.8 -150.3 36.7156451 -4.4891601 0.00 55.25 0.04 0.011 11:49:35.75
0 0 0.0 0.0 -0.369 -0.984 2.1 -14.8 -150.2 36.7156451 -4.4891601 0.00 55.25 0.04 0.011 11:49:35.84
0 0 0.0 0.0 0.000 -0.369 2.1 -14.8 -150.2 36.7156451 -4.4891602 0.00 246.84 0.05 0.011 11:49:35.95
0 0 0.0 0.0 -0.246 0.246 2.1 -14.8 -150.2 36.7156451 -4.4891602 0.00 246.84 0.05 0.011 11:49:36.04
0 0 0.0 0.0 -0.615 -0.246 2.1 -14.8 -150.2 36.7156451 -4.4891602 0.00 356.97 0.05 0.011 11:49:36.15
0 0 0.0 0.0 0.738 0.000 2.1 -14.8 -150.2 36.7156451 -4.4891602 0.00 356.97 0.05 0.011 11:49:36.25
0 0 0.0 0.0 0.000 0.000 2.1 -14.8 -150.2 36.7156451 -4.4891602 0.00 248.26 0.01 0.013 11:49:36.34
0 0 0.0 0.0 -0.123 0.000 2.1 -14.8 -150.2 36.7156451 -4.4891602 0.00 248.26 0.01 0.013 11:49:36.45
0 0 0.0 0.0 -0.246 -0.369 2.1 -14.8 -150.2 36.7156451 -4.4891601 0.00 90.99 0.06 0.013 11:49:36.54
0 0 0.0 0.0 0.000 -0.123 2.1 -14.8 -150.2 36.7156451 -4.4891601 0.00 90.99 0.06 0.013 11:49:36.65
0 0 0.0 0.0 -0.861 0.123 2.1 -14.8 -150.2 36.7156451 -4.4891602 0.00 288.91 0.09 0.013 11:49:36.75
0 0 0.0 0.0 -0.246 -0.492 2.1 -14.8 -150.3 36.7156451 -4.4891602 0.00 288.91 0.09 0.013 11:49:36.85
0 0 0.0 0.0 0.000 0.000 2.1 -14.8 -150.3 36.7156451 -4.4891602 0.00 118.85 0.01 0.013 11:49:36.95
0 0 0.0 0.0 -0.246 0.000 2.1 -14.8 -150.2 36.7156451 -4.4891602 0.00 118.85 0.01 0.013 11:49:37.06
0 0 0.0 0.0 0.123 -0.492 2.1 -14.8 -150.2 36.7156451 -4.4891602 0.00 149.84 0.07 0.013 11:49:37.15
0 0 0.0 0.0 0.000 -0.369 2.1 -14.8 -150.2 36.7156451 -4.4891602 0.00 149.84 0.07 0.013 11:49:37.25
0 0 0.0 0.0 -0.984 -0.615 2.1 -14.8 -150.2 36.7156451 -4.4891602 0.00 278.88 0.02 0.012 11:49:37.35
0 0 0.0 0.0 0.246 -0.984 2.1 -14.8 -150.2 36.7156451 -4.4891602 0.00 278.88 0.02 0.012 11:49:37.45
0 0 0.0 0.0 -0.738 0.000 2.1 -14.8 -150.2 36.7156451 -4.4891602 0.00 293.42 0.02 0.012 11:49:37.56
0 0 0.0 0.0 -0.246 -0.861 2.1 -14.9 -150.2 36.7156451 -4.4891602 0.00 293.42 0.02 0.012 11:49:37.65
0 0 0.0 0.0 -0.123 -0.369 2.1 -14.9 -150.2 36.7156451 -4.4891602 0.00 275.22 0.01 0.012 11:49:37.75
0 0 0.0 0.0 0.123 -0.738 2.1 -14.9 -150.2 36.7156451 -4.4891602 0.00 275.22 0.01 0.012 11:49:37.85
0 0 0.0 0.0 0.123 -0.861 2.1 -14.9 -150.2 36.7156450 -4.4891601 0.00 109.96 0.07 0.012 11:49:37.95
0 0 0.0 0.0 -0.246 -0.123 2.1 -14.9 -150.2 36.7156450 -4.4891601 0.00 109.96 0.07 0.012 11:49:38.06
0 0 0.0 0.0 0.000 0.000 2.1 -14.8 -150.2 36.7156451 -4.4891602 0.00 329.10 0.08 0.012 11:49:38.15
0 0 0.0 0.0 -0.246 0.492 2.1 -14.8 -150.2 36.7156451 -4.4891602 0.00 329.10 0.08 0.012 11:49:38.26
0 0 0.0 0.0 0.246 -0.246 2.1 -14.8 -150.2 36.7156450 -4.4891602 0.00 197.33 0.08 0.012 11:49:38.35
0 0 0.0 0.0 0.123 -0.492 2.1 -14.8 -150.2 36.7156450 -4.4891602 0.00 197.33 0.08 0.012 11:49:38.45
0 0 0.0 0.0 -0.369 -0.492 2.1 -14.8 -150.2 36.7156451 -4.4891602 0.00 355.07 0.06 0.012 11:49:38.56
0 0 0.0 0.0 -0.123 -0.738 2.1 -14.8 -150.2 36.7156451 -4.4891602 0.00 355.07 0.06 0.012 11:49:38.65
0 0 0.0 0.0 -0.123 -0.861 2.1 -14.8 -150.2 36.7156451 -4.4891602 0.00 149.18 0.01 0.012 11:49:38.76
0 0 0.0 0.0 0.123 -0.246 2.1 -14.8 -150.1 36.7156451 -4.4891601 0.00 33.77 0.05 0.012 11:49:38.85
0 0 0.0 0.0 -0.246 -0.246 2.1 -14.8 -150.1 36.7156451 -4.4891601 0.00 33.77 0.05 0.012 11:49:38.96
0 0 0.0 0.0 -0.369 -0.369 2.1 -14.8 -150.1 36.7156451 -4.4891602 0.00 236.49 0.07 0.012 11:49:39.06
0 0 0.0 0.0 -0.738 -0.123 2.0 -14.8 -150.1 36.7156451 -4.4891602 0.00 236.49 0.07 0.012 11:49:39.15
0 0 0.0 0.0 0.000 -0.246 2.0 -14.8 -150.1 36.7156451 -4.4891602 0.00 236.49 0.07 0.012 11:49:39.26
0 0 0.0 0.0 -0.369 -0.738 2.0 -14.8 -150.1 36.7156450 -4.4891602 0.00 141.69 0.06 0.012 11:49:39.35
0 0 0.0 0.0 -0.861 -0.492 2.0 -14.9 -150.1 36.7156450 -4.4891602 0.00 300.35 0.07 0.012 11:49:39.46
0 0 0.0 0.0 0.246 -0.738 2.0 -14.9 -150.1 36.7156450 -4.4891602 0.00 300.35 0.07 0.012 11:49:39.56
0 0 0.0 0.0 0.000 0.123 2.0 -14.9 -150.1 36.7156450 -4.4891602 0.00 116.62 0.04 0.012 11:49:39.65
0 0 0.0 0.0 0.369 -0.369 2.0 -14.9 -150.1 36.7156450 -4.4891602 0.00 116.62 0.04 0.012 11:49:39.76
0 0 0.0 0.0 -0.492 -0.615 2.1 -14.9 -150.1 36.7156451 -4.4891602 0.00 345.81 0.05 0.012 11:49:39.85
0 0 0.0 0.0 -0.738 -0.615 2.0 -14.9 -150.1 36.7156451 -4.4891602 0.00 345.81 0.05 0.012 11:49:39.96
0 0 0.0 0.0 0.492 -0.492 2.0 -14.9 -150.1 36.7156451 -4.4891602 0.00 344.23 0.03 0.012 11:49:40.06
0 0 0.0 0.0 0.123 0.123 2.0 -14.9 -150.1 36.7156451 -4.4891602 0.00 344.23 0.03 0.012 11:49:40.17
0 0 0.0 0.0 -0.246 -0.123 2.0 -14.9 -150.1 36.7156451 -4.4891602 0.00 344.23 0.03 0.012 11:49:40.26
0 0 0.0 0.0 -0.492 0.123 2.0 -14.9 -150.1 36.7156451 -4.4891602 0.00 39.39 0.01 0.013 11:49:40.35
0 0 0.0 0.0 -0.984 -0.492 2.0 -14.9 -150.1 36.7156451 -4.4891602 0.00 201.46 0.06 0.013 11:49:40.46
0 0 0.0 0.0 0.000 -0.246 2.0 -14.9 -150.1 36.7156451 -4.4891602 0.00 201.46 0.06 0.013 11:49:40.56
0 0 0.0 0.0 -0.123 -0.369 2.0 -14.9 -150.1 36.7156451 -4.4891601 0.00 83.46 0.02 0.013 11:49:40.67
0 0 0.0 0.0 0.369 0.369 2.0 -14.9 -150.1 36.7156451 -4.4891601 0.00 83.46 0.02 0.013 11:49:40.76
0 0 0.0 0.0 0.123 -0.246 2.0 -14.9 -150.1 36.7156451 -4.4891601 0.00 354.95 0.03 0.013 11:49:40.87
0 0 0.0 0.0 0.615 -0.369 2.0 -14.9 -150.1 36.7156451 -4.4891601 0.00 354.95 0.03 0.013 11:49:40.96
0 0 0.0 0.0 0.369 -0.246 2.0 -14.9 -150.1 36.7156451 -4.4891601 0.00 249.80 0.04 0.013 11:49:41.06
0 0 0.0 0.0 0.246 0.246 2.1 -14.9 -150.1 36.7156451 -4.4891601 0.00 249.80 0.04 0.013 11:49:41.17
0 0 0.0 0.0 -0.246 -0.369 2.1 -14.9 -150.1 36.7156451 -4.4891601 0.00 249.80 0.04 0.013 11:49:41.26
0 0 0.0 0.0 0.000 -0.246 2.1 -14.9 -150.1 36.7156451 -4.4891601 0.00 166.48 0.04 0.015 11:49:41.37
0 0 0.0 0.0 -0.984 -0.246 2.1 -14.9 -150.2 36.7156451 -4.4891601 0.00 27.11 0.07 0.015 11:49:41.46
0 0 0.0 0.0 -0.246 0.000 2.0 -14.9 -150.2 36.7156451 -4.4891601 0.00 27.11 0.07 0.015 11:49:41.56
0 0 0.0 0.0 0.246 -0.738 2.0 -14.9 -150.2 36.7156451 -4.4891601 0.00 294.22 0.06 0.015 11:49:41.67
0 0 0.0 0.0 -0.738 -0.246 2.0 -14.9 -150.2 36.7156451 -4.4891601 0.00 294.22 0.06 0.015 11:49:41.76
0 0 0.0 0.0 0.369 -0.123 2.0 -14.9 -150.2 36.7156451 -4.4891601 0.00 144.19 0.04 0.015 11:49:41.87
0 0 0.0 0.0 -0.861 -0.369 2.0 -14.9 -150.2 36.7156451 -4.4891601 0.00 144.19 0.04 0.015 11:49:41.96
0 0 0.0 0.0 -0.123 -0.492 2.0 -14.9 -150.2 36.7156451 -4.4891601 0.00 148.60 0.03 0.015 11:49:42.07
0 0 0.0 0.0 0.000 0.123 2.0 -14.9 -150.2 36.7156451 -4.4891601 0.00 148.60 0.03 0.015 11:49:42.17
0 0 0.0 0.0 0.123 -0.246 2.0 -14.9 -150.2 36.7156451 -4.4891601 0.00 148.60 0.03 0.015 11:49:42.26
0 0 0.0 0.0 -0.123 -0.492 2.0 -14.9 -150.2 36.7156451 -4.4891601 0.00 358.71 0.03 0.014 11:49:42.37
0 0 0.0 0.0 -0.369 -0.246 2.0 -14.9 -150.2 36.7156451 -4.4891602 0.00 307.69 0.05 0.014 11:49:42.46
0 0 0.0 0.0 0.000 -0.246 2.1 -14.9 -150.2 36.7156451 -4.4891602 0.00 307.69 0.05 0.014 11:49:42.57
0 0 0.0 0.0 -0.246 0.000 2.1 -14.9 -150.2 36.7156451 -4.4891602 0.00 151.32 0.07 0.014 11:49:42.67
0 0 0.0 0.0 -0.492 -0.492 2.0 -14.9 -150.2 36.7156451 -4.4891602 0.00 151.32 0.07 0.014 11:49:42.78
0 0 0.0 0.0 0.615 -0.492 2.0 -14.9 -150.2 36.7156451 -4.4891602 0.00 316.19 0.03 0.014 11:49:42.87
0 0 0.0 0.0 0.246 -0.861 2.0 -14.9 -150.2 36.7156451 -4.4891602 0.00 316.19 0.03 0.014 11:49:42.98
0 0 0.0 0.0 -0.123 -0.615 2.0 -14.9 -150.2 36.7156450 -4.4891602 0.00 197.34 0.08 0.014 11:49:43.07
0 0 0.0 0.0 0.000 -0.123 2.0 -14.9 -150.2 36.7156450 -4.4891602 0.00 197.34 0.08 0.014 11:49:43.17
0 0 0.0 0.0 0.615 -0.369 2.0 -14.9 -150.2 36.7156450 -4.4891602 0.00 197.34 0.08 0.014 11:49:43.28
0 0 0.0 0.0 0.000 0.123 2.0 -14.9 -150.2 36.7156451 -4.4891601 0.00 30.13 0.09 0.011 11:49:43.37
0 0 0.0 0.0 0.123 -0.492 2.0 -14.9 -150.2 36.7156451 -4.4891601 0.00 16.95 0.01 0.011 11:49:43.48
0 0 0.0 0.0 -0.492 -0.615 2.0 -14.9 -150.2 36.7156451 -4.4891601 0.00 16.95 0.01 0.011 11:49:43.57
0 0 0.0 0.0 -0.369 -0.246 2.0 -14.9 -150.2 36.7156451 -4.4891601 0.00 210.23 0.04 0.011 11:49:43.68
0 0 0.0 0.0 -0.123 -0.369 2.0 -14.9 -150.2 36.7156451 -4.4891601 0.00 210.23 0.04 0.011 11:49:43.78
0 0 0.0 0.0 -0.492 -0.123 2.0 -14.9 -150.2 36.7156450 -4.4891601 0.00 139.43 0.02 0.011 11:49:43.87
0 0 0.0 0.0 -0.123 -0.246 2.0 -14.9 -150.1 36.7156450 -4.4891601 0.00 139.43 0.02 0.011 11:49:43.98
0 0 0.0 0.0 -0.615 -0.369 2.0 -14.9 -150.2 36.7156451 -4.4891601 0.00 330.15 0.06 0.011 11:49:44.07
0 0 0.0 0.0 -0.738 -0.492 2.0 -14.9 -150.1 36.7156451 -4.4891601 0.00 330.15 0.06 0.011 11:49:44.18
0 0 0.0 0.0 -0.369 -0.492 2.0 -14.9 -150.1 36.7156451 -4.4891601 0.00 330.15 0.06 0.011 11:49:44.28
0 0 0.0 0.0 -0.615 -0.615 2.0 -14.9 -150.1 36.7156451 -4.4891602 0.00 194.22 0.05 0.012 11:49:44.39
0 0 0.0 0.0 0.123 -0.246 2.0 -14.9 -150.1 36.7156451 -4.4891601 0.00 57.58 0.05 0.012 11:49:44.48
0 0 0.0 0.0 -0.123 -0.492 2.0 -14.9 -150.1 36.7156451 -4.4891601 0.00 57.58 0.05 0.012 11:49:44.57
0 0 0.0 0.0 0.738 -0.492 2.0 -14.9 -150.1 36.7156451 -4.4891601 0.00 251.62 0.03 0.012 11:49:44.68
0 0 0.0 0.0 -0.369 0.123 2.0 -14.9 -150.1 36.7156451 -4.4891601 0.00 251.62 0.03 0.012 11:49:44.78
0 0 0.0 0.0 -0.369 -0.984 2.0 -14.9 -150.1 36.7156450 -4.4891601 0.00 340.37 0.04 0.012 11:49:44.89
0 0 0.0 0.0 -0.492 -0.246 2.0 -14.9 -150.1 36.7156450 -4.4891601 0.00 340.37 0.04 0.012 11:49:44.98
0 0 0.0 0.0 0.123 0.123 2.0 -14.9 -150.1 36.7156450 -4.4891601 0.00 129.43 0.04 0.012 11:49:45.09
0 0 0.0 0.0 0.123 -0.369 2.0 -14.9 -150.1 36.7156450 -4.4891601 0.00 129.43 0.04 0.012 11:49:45.18
0 0 0.0 0.0 -0.369 -0.369 2.0 -15.0 -150.1 36.7156450 -4.4891601 0.00 129.43 0.04 0.012 11:49:45.28
0 0 0.0 0.0 0.000 0.123 2.0 -14.9 -150.1 36.7156450 -4.4891602 0.00 279.66 0.08 0.111 11:49:45.39
0 0 0.0 0.0 -0.123 -0.123 2.0 -15.0 -150.1 36.7156450 -4.4891601 0.00 108.80 0.07 0.111 11:49:45.48
0 0 0.0 0.0 -0.369 -0.246 2.0 -15.0 -150.1 36.7156450 -4.4891601 0.00 108.80 0.07 0.111 11:49:45.59
0 0 0.0 0.0 -0.738 0.000 2.0 -15.0 -150.1 36.7156450 -4.4891601 0.00 142.38 0.02 0.111 11:49:45.68
0 0 0.0 0.0 -0.369 0.246 2.0 -14.9 -150.1 36.7156450 -4.4891601 0.00 142.38 0.02 0.111 11:49:45.79
0 0 0.0 0.0 -0.123 0.123 2.0 -14.9 -150.1 36.7156450 -4.4891601 0.00 321.45 0.05 0.111 11:49:45.89
0 0 0.0 0.0 0.123 -0.492 2.0 -14.9 -150.1 36.7156450 -4.4891601 0.00 321.45 0.05 0.111 11:49:45.98
0 0 0.0 0.0 -0.738 -0.615 2.0 -14.9 -150.1 36.7156450 -4.4891601 0.00 235.12 0.00 0.111 11:49:46.09
0 0 0.0 0.0 -0.246 -0.492 2.0 -14.9 -150.1 36.7156450 -4.4891601 0.00 235.12 0.00 0.111 11:49:46.18
0 0 0.0 0.0 0.000 -0.369 2.0 -14.9 -150.1 36.7156450 -4.4891601 0.00 235.12 0.00 0.111 11:49:46.29
0 0 0.0 0.0 -0.861 -0.123 2.0 -14.9 -150.1 36.7156450 -4.4891602 0.00 208.35 0.03 0.060 11:49:46.39
0 0 0.0 0.0 -0.369 -0.246 2.0 -14.9 -150.1 36.7156450 -4.4891601 0.00 64.91 0.02 0.060 11:49:46.50
0 0 0.0 0.0 -0.492 -0.123 2.0 -14.9 -150.1 36.7156450 -4.4891601 0.00 64.91 0.02 0.060 11:49:46.59
0 0 0.0 0.0 0.123 -0.369 2.0 -14.9 -150.1 36.7156450 -4.4891602 0.00 322.00 0.05 0.060 11:49:46.68
0 0 0.0 0.0 0.000 0.738 2.0 -14.9 -150.1 36.7156450 -4.4891602 0.00 322.00 0.05 0.060 11:49:46.79
0 0 0.0 0.0 0.000 -0.369 2.0 -15.0 -150.1 36.7156450 -4.4891602 0.00 213.32 0.02 0.060 11:49:46.89
0 0 0.0 0.0 0.492 -0.369 2.0 -15.0 -150.1 36.7156450 -4.4891602 0.00 213.32 0.02 0.060 11:49:47.00
0 0 0.0 0.0 -0.246 -0.492 2.0 -15.0 -150.1 36.7156450 -4.4891602 0.00 162.36 0.03 0.060 11:49:47.09
0 0 0.0 0.0 -0.615 -0.246 2.0 -15.0 -150.1 36.7156450 -4.4891602 0.00 162.36 0.03 0.060 11:49:47.18
0 0 0.0 0.0 -0.123 -0.738 2.0 -15.0 -150.1 36.7156450 -4.4891602 0.00 162.36 0.03 0.060 11:49:47.29
0 0 0.0 0.0 -0.369 0.000 2.0 -15.0 -150.1 36.7156450 -4.4891602 0.00 14.06 0.04 0.060 11:49:47.39
0 0 0.0 0.0 -0.369 -0.492 2.0 -15.0 -150.1 36.7156451 -4.4891602 0.00 336.14 0.04 0.060 11:49:47.50
0 0 0.0 0.0 -0.123 -0.492 2.0 -15.0 -150.1 36.7156451 -4.4891602 0.00 336.14 0.04 0.060 11:49:47.59
0 0 0.0 0.0 0.738 -0.123 2.0 -15.0 -150.1 36.7156450 -4.4891601 0.00 146.79 0.06 0.060 11:49:47.68
0 0 0.0 0.0 0.246 0.000 2.0 -15.0 -150.1 36.7156450 -4.4891601 0.00 146.79 0.06 0.060 11:49:47.79
0 0 0.0 0.0 0.123 0.000 2.0 -15.0 -150.1 36.7156450 -4.4891602 0.00 309.07 0.07 0.060 11:49:47.89
0 0 0.0 0.0 -0.369 0.615 2.0 -15.0 -150.1 36.7156450 -4.4891602 0.00 309.07 0.07 0.060 11:49:48.00
0 0 0.0 0.0 0.369 -0.246 2.0 -15.0 -150.1 36.7156450 -4.4891602 0.00 145.45 0.03 0.060 11:49:48.09
0 0 0.0 0.0 -0.492 -0.369 2.0 -15.0 -150.1 36.7156450 -4.4891602 0.00 145.45 0.03 0.060 11:49:48.20
0 0 0.0 0.0 0.246 -0.123 2.0 -15.0 -150.1 36.7156450 -4.4891602 0.00 145.45 0.03 0.060 11:49:48.29
0 0 0.0 0.0 0.492 -0.246 2.0 -15.0 -150.1 36.7156451 -4.4891602 0.00 357.59 0.06 0.060 11:49:48.39
0 0 0.0 0.0 0.369 -0.492 2.0 -15.0 -150.1 36.7156450 -4.4891602 0.00 198.15 0.05 0.060 11:49:48.50
0 0 0.0 0.0 -0.615 -0.369 2.0 -15.0 -150.1 36.7156450 -4.4891602 0.00 198.15 0.05 0.060 11:49:48.59
0 0 0.0 0.0 0.246 -0.123 2.0 -15.0 -150.1 36.7156451 -4.4891602 0.00 277.35 0.01 0.060 11:49:48.70
0 0 0.0 0.0 -0.615 -0.492 2.0 -15.0 -150.1 36.7156451 -4.4891602 0.00 277.35 0.01 0.060 11:49:48.79
0 0 0.0 0.0 -0.984 -0.123 2.0 -15.0 -150.1 36.7156451 -4.4891601 0.00 67.20 0.05 0.060 11:49:48.89
0 0 0.0 0.0 0.246 0.123 2.1 -15.0 -150.1 36.7156451 -4.4891601 0.00 67.20 0.05 0.060 11:49:49.00
0 0 0.0 0.0 -0.123 -0.738 2.1 -15.0 -150.1 36.7156451 -4.4891601 0.00 194.35 0.03 0.060 11:49:49.09
0 0 0.0 0.0 -0.369 -0.123 2.0 -15.0 -150.1 36.7156451 -4.4891601 0.00 194.35 0.03 0.060 11:49:49.20
0 0 0.0 0.0 -0.246 -0.369 2.0 -14.9 -150.1 36.7156451 -4.4891601 0.00 194.35 0.03 0.060 11:49:49.29
0 0 0.0 0.0 0.246 -0.615 2.0 -15.0 -150.2 36.7156450 -4.4891601 0.00 166.44 0.03 0.145 11:49:49.39
0 0 0.0 0.0 -0.369 0.123 2.0 -14.9 -150.1 36.7156451 -4.4891602 0.00 322.01 0.07 0.145 11:49:49.50
0 0 0.0 0.0 -0.123 -0.246 2.1 -15.0 -150.2 36.7156451 -4.4891602 0.00 322.01 0.07 0.145 11:49:49.59
0 0 0.0 0.0 -0.123 -0.492 2.1 -15.0 -150.1 36.7156450 -4.4891601 0.00 121.40 0.05 0.145 11:49:49.70
0 0 0.0 0.0 -0.246 -0.615 2.1 -15.0 -150.1 36.7156450 -4.4891601 0.00 121.40 0.05 0.145 11:49:49.79
0 0 0.0 0.0 -0.246 0.000 2.1 -15.0 -150.1 36.7156451 -4.4891601 0.00 356.82 0.06 0.145 11:49:49.90
0 0 0.0 0.0 -0.738 -0.738 2.1 -15.0 -150.2 36.7156451 -4.4891601 0.00 356.82 0.06 0.145 11:49:50.00
0 0 0.0 0.0 0.123 -0.246 2.1 -15.0 -150.2 36.7156451 -4.4891601 0.00 0.45 0.03 0.145 11:49:50.10
0 0 0.0 0.0 -0.123 -0.123 2.0 -15.0 -150.2 36.7156451 -4.4891601 0.00 0.45 0.03 0.145 11:49:50.20
0 0 0.0 0.0 -0.246 -0.615 2.0 -15.0 -150.2 36.7156451 -4.4891601 0.00 0.45 0.03 0.145 11:49:50.29
0 0 0.0 0.0 -0.492 -0.123 2.0 -15.0 -150.2 36.7156451 -4.4891602 0.00 229.19 0.07 0.014 11:49:50.40
0 0 0.0 0.0 -0.123 -0.492 2.0 -15.0 -150.2 36.7156451 -4.4891601 0.00 117.17 0.07 0.014 11:49:50.50
0 0 0.0 0.0 0.123 0.123 2.0 -15.0 -150.1 36.7156451 -4.4891601 0.00 117.17 0.07 0.014 11:49:50.60
0 0 0.0 0.0 0.369 -0.123 2.0 -15.0 -150.1 36.7156451 -4.4891602 0.00 305.84 0.07 0.014 11:49:50.70
0 0 0.0 0.0 -0.369 -0.369 2.0 -15.0 -150.1 36.7156451 -4.4891602 0.00 305.84 0.07 0.014 11:49:50.79
0 0 0.0 0.0 0.000 -0.369 2.0 -15.0 -150.1 36.7156451 -4.4891602 0.00 91.53 0.03 0.014 11:49:50.90
0 0 0.0 0.0 -0.615 -0.123 2.0 -15.0 -150.1 36.7156451 -4.4891602 0.00 91.53 0.03 0.014 11:49:51.00
0 0 0.0 0.0 0.492 -0.615 2.0 -15.0 -150.1 36.7156451 -4.4891602 0.00 217.85 0.05 0.014 11:49:51.10
0 0 0.0 0.0 -1.107 -0.369 2.0 -15.0 -150.1 36.7156451 -4.4891602 0.00 217.85 0.05 0.014 11:49:51.20
0 0 0.0 0.0 -0.246 -0.492 2.0 -15.0 -150.1 36.7156451 -4.4891602 0.00 217.85 0.05 0.014 11:49:51.29
0 0 0.0 0.0 -0.246 -0.492 2.0 -15.0 -150.1 36.7156451 -4.4891602 0.00 23.37 0.06 0.014 11:49:51.40
0 0 0.0 0.0 -0.492 0.123 2.0 -15.0 -150.1 36.7156451 -4.4891602 0.00 208.66 0.04 0.014 11:49:51.50
0 0 0.0 0.0 0.000 0.246 2.0 -15.0 -150.1 36.7156451 -4.4891602 0.00 208.66 0.04 0.014 11:49:51.60
0 0 0.0 0.0 0.246 -0.492 2.0 -15.0 -150.1 36.7156451 -4.4891602 0.00 2.87 0.04 0.014 11:49:51.70
0 0 0.0 0.0 -0.615 -0.246 2.0 -15.0 -150.1 36.7156451 -4.4891602 0.00 2.87 0.04 0.014 11:49:51.79
0 0 0.0 0.0 -0.369 -0.738 2.0 -15.0 -150.1 36.7156450 -4.4891602 0.00 193.68 0.10 0.014 11:49:51.90
0 0 0.0 0.0 -0.246 -0.615 2.0 -15.0 -150.2 36.7156450 -4.4891602 0.00 193.68 0.10 0.014 11:49:52.00
0 0 0.0 0.0 -0.615 -0.369 2.0 -15.0 -150.1 36.7156450 -4.4891602 0.00 31.10 0.08 0.014 11:49:52.10
0 0 0.0 0.0 -0.615 0.123 2.0 -15.0 -150.1 36.7156450 -4.4891602 0.00 31.10 0.08 0.014 11:49:52.20
0 0 0.0 0.0 -0.246 0.615 2.0 -15.0 -150.1 36.7156450 -4.4891602 0.00 31.10 0.08 0.014 11:49:52.31
0 0 0.0 0.0 -0.246 -0.492 2.0 -15.0 -150.1 36.7156450 -4.4891601 0.00 33.15 0.01 0.148 11:49:52.40
0 0 0.0 0.0 0.000 -0.861 2.0 -15.0 -150.1 36.7156450 -4.4891601 0.00 199.88 0.02 0.148 11:49:52.50
0 0 0.0 0.0 0.246 -0.123 2.0 -15.0 -150.1 36.7156450 -4.4891601 0.00 199.88 0.02 0.148 11:49:52.60
0 0 0.0 0.0 -0.369 -0.369 2.0 -15.0 -150.1 36.7156451 -4.4891601 0.00 4.71 0.07 0.148 11:49:52.70
0 0 0.0 0.0 0.369 -0.615 2.0 -15.0 -150.1 36.7156451 -4.4891601 0.00 4.71 0.07 0.148 11:49:52.81
0 0 0.0 0.0 0.615 -0.123 2.0 -15.0 -150.1 36.7156450 -4.4891601 0.00 190.95 0.15 0.148 11:49:52.90
0 0 0.0 0.0 0.246 0.000 2.0 -15.0 -150.1 36.7156450 -4.4891601 0.00 190.95 0.15 0.148 11:49:53.00
0 0 0.0 0.0 0.123 -0.123 2.0 -15.0 -150.1 36.7156450 -4.4891601 0.00 24.52 0.06 0.148 11:49:53.10
0 0 0.0 0.0 -0.246 -0.738 2.0 -15.0 -150.1 36.7156450 -4.4891601 0.00 24.52 0.06 0.148 11:49:53.20
0 0 0.0 0.0 -0.369 -0.369 2.0 -15.0 -150.1 36.7156450 -4.4891601 0.00 24.52 0.06 0.148 11:49:53.31
0 0 0.0 0.0 -0.246 -0.246 2.0 -15.0 -150.1 36.7156451 -4.4891601 0.00 335.22 0.10 0.154 11:49:53.40
0 0 0.0 0.0 -0.246 -0.861 2.0 -15.0 -150.1 36.7156451 -4.4891601 0.00 86.41 0.05 0.154 11:49:53.51
75 -95 0.0 0.0 -10.701 -57.810 2.0 -15.0 -150.1 36.7156451 -4.4891601 0.00 86.41 0.05 0.154 11:49:53.60
75 -95 0.0 0.0 -8.610 -17.712 2.1 -15.2 -150.7 36.7156450 -4.4891601 0.00 211.01 0.06 0.154 11:49:53.70
75 127 0.0 0.0 39.483 -19.065 3.2 -15.3 -152.8 36.7156450 -4.4891601 0.00 211.01 0.06 0.154 11:49:53.81
75 127 0.0 0.0 10.947 -14.883 3.9 -15.8 -154.1 36.7156451 -4.4891603 0.00 311.56 0.27 0.154 11:49:53.90
75 33 0.0 0.0 4.797 -19.803 4.3 -16.2 -153.8 36.7156451 -4.4891603 0.00 311.56 0.27 0.154 11:49:54.01
75 33 0.0 0.0 7.011 -4.797 3.9 -15.6 -154.1 36.7156456 -4.4891604 0.00 348.77 0.64 0.154 11:49:54.10
75 -2 0.0 0.0 10.332 -10.947 3.2 -15.2 -153.1 36.7156456 -4.4891604 0.00 348.77 0.64 0.154 11:49:54.21
75 -2 0.0 0.0 8.979 -5.781 2.8 -15.1 -152.7 36.7156456 -4.4891604 0.00 348.77 0.64 0.154 11:49:54.31
75 -2 0.0 0.0 13.530 -5.412 2.5 -15.3 -152.5 36.7156465 -4.4891604 0.00 6.95 1.22 0.014 11:49:54.40
75 -2 0.0 0.0 8.979 1.107 2.1 -15.2 -152.3 36.7156474 -4.4891603 0.00 1.36 1.03 0.014 11:49:54.51
75 -15 0.0 0.0 9.102 -6.642 1.7 -14.2 -152.2 36.7156474 -4.4891603 0.00 1.36 1.03 0.014 11:49:54.60
75 -15 0.0 0.0 -2.460 1.476 1.4 -14.3 -151.5 36.7156487 -4.4891603 0.00 1.10 1.51 0.014 11:49:54.71
75 -16 -25.7 -23.0 0.369 -3.567 1.7 -14.4 -152.0 36.7156487 -4.4891603 0.00 1.10 1.51 0.014 11:49:54.81
75 -16 -25.7 -23.0 0.369 -11.808 2.2 -14.9 -152.6 36.7156495 -4.4891604 0.00 350.08 0.67 0.014 11:49:54.90
75 -6 -25.7 -23.0 9.225 -2.583 2.9 -14.8 -153.4 36.7156495 -4.4891604 0.00 350.08 0.67 0.014 11:49:55.01
75 -6 -25.7 -23.0 1.353 -7.134 3.4 -14.4 -154.0 36.7156503 -4.4891606 0.00 339.30 0.88 0.014 11:49:55.10
75 5 -25.7 -23.0 6.642 0.000 4.0 -14.2 -154.4 36.7156503 -4.4891606 0.00 339.30 0.88 0.014 11:49:55.21
75 5 -25.7 -23.0 5.781 0.000 3.8 -14.2 -154.7 36.7156503 -4.4891606 0.00 339.30 0.88 0.014 11:49:55.31
75 5 -25.7 -23.0 3.198 -6.273 3.4 -14.2 -154.4 36.7156512 -4.4891608 0.00 354.08 1.17 0.014 11:49:55.42
75 5 -25.7 -23.0 5.658 2.706 3.5 -14.3 -154.4 36.7156522 -4.4891608 0.00 1.18 1.05 0.014 11:49:55.51
75 -17 -25.7 -23.0 -6.642 -13.284 3.6 -14.5 -154.1 36.7156522 -4.4891608 0.00 1.18 1.05 0.014 11:49:55.62
75 -17 -25.7 -23.0 2.091 -7.134 3.9 -14.8 -154.4 36.7156530 -4.4891610 0.00 345.99 0.77 0.014 11:49:55.71
75 -3 -25.7 -23.0 9.348 -0.492 4.4 -14.6 -155.4 36.7156530 -4.4891610 0.00 345.99 0.77 0.014 11:49:55.81
75 -3 -25.7 -23.0 -1.476 -7.380 5.0 -14.7 -155.8 36.7156539 -4.4891611 0.00 353.03 1.03 0.014 11:49:55.92
75 -10 -25.7 -23.0 -2.091 -7.380 5.3 -15.2 -156.1 36.7156539 -4.4891611 0.00 353.03 1.03 0.014 11:49:56.01
75 -10 -25.7 -23.0 4.182 -9.594 5.6 -15.1 -156.7 36.7156547 -4.4891613 0.00 345.47 0.78 0.014 11:49:56.12
75 -3 -25.7 -23.0 1.599 -7.995 5.7 -15.2 -157.5 36.7156547 -4.4891613 0.00 345.47 0.78 0.014 11:49:56.21
75 -3 -25.7 -23.0 3.813 -6.642 5.5 -15.7 -157.8 36.7156547 -4.4891613 0.00 345.47 0.78 0.014 11:49:56.31
75 -3 -25.7 -23.0 3.444 -5.412 5.6 -15.6 -158.2 36.7156556 -4.4891615 0.00 356.43 1.05 0.014 11:49:56.42
75 -3 -25.7 -23.0 -2.337 -7.257 5.5 -15.4 -158.6 36.7156564 -4.4891616 0.00 351.39 0.94 0.014 11:49:56.51
75 -10 -25.7 -23.0 1.968 -5.535 5.1 -14.9 -158.9 36.7156564 -4.4891616 0.00 351.39 0.94 0.014 11:49:56.62
75 -10 -25.7 -23.0 0.246 -7.257 4.7 -14.6 -159.3 36.7156575 -4.4891617 0.00 357.87 1.17 0.014 11:49:56.71
75 -17 -25.7 -23.0 -1.230 -11.808 4.8 -14.4 -159.5 36.7156575 -4.4891617 0.00 357.87 1.17 0.014 11:49:56.82
75 -17 -25.7 -23.0 0.000 -10.086 5.4 -14.2 -160.3 36.7156584 -4.4891619 0.00 347.43 0.93 0.014 11:49:56.92
75 -7 -25.7 -23.0 4.920 -10.086 5.8 -14.4 -161.4 36.7156584 -4.4891619 0.00 347.43 0.93 0.014 11:49:57.01
75 -7 -25.7 -23.0 -2.706 -9.348 6.2 -14.5 -162.3 36.7156591 -4.4891621 0.00 342.29 0.82 0.014 11:49:57.12
75 -3 -25.7 -23.0 4.551 -4.797 6.3 -14.5 -162.9 36.7156591 -4.4891621 0.00 342.29 0.82 0.014 11:49:57.21
75 -3 -25.7 -23.0 0.492 -8.487 6.1 -14.3 -163.4 36.7156591 -4.4891621 0.00 342.29 0.82 0.014 11:49:57.32
75 -3 -25.7 -23.0 1.476 -4.428 5.5 -13.8 -163.7 36.7156600 -4.4891624 0.00 345.48 1.07 0.014 11:49:57.42
75 -3 -25.7 -23.0 -0.369 -2.829 4.9 -13.6 -164.2 36.7156610 -4.4891625 0.00 357.07 1.12 0.014 11:49:57.51
75 -18 -25.7 -23.0 -3.690 -10.578 4.5 -13.7 -164.4 36.7156610 -4.4891625 0.00 357.07 1.12 0.014 11:49:57.62
75 -18 -25.7 -23.0 0.246 -8.364 4.8 -14.0 -165.0 36.7156619 -4.4891626 0.00 355.67 0.87 0.014 11:49:57.71
75 -18 -25.7 -23.0 -1.845 -11.808 5.0 -14.0 -166.4 36.7156619 -4.4891626 0.00 355.67 0.87 0.014 11:49:57.82
75 -18 -25.7 -23.0 -0.492 -11.931 4.8 -13.9 -167.4 36.7156626 -4.4891629 0.00 339.61 0.86 0.014 11:49:57.92
75 -3 -25.7 -23.0 7.134 -4.551 5.3 -13.9 -168.4 36.7156626 -4.4891629 0.00 339.61 0.86 0.014 11:49:58.03
75 -3 -25.7 -23.0 -0.492 -7.503 5.6 -13.7 -169.3 36.7156635 -4.4891633 0.00 335.54 0.97 0.014 11:49:58.12
75 1 -25.7 -23.0 2.829 -2.214 5.4 -13.5 -169.7 36.7156635 -4.4891633 0.00 335.54 0.97 0.014 11:49:58.21
75 1 -25.7 -23.0 2.952 -2.829 5.1 -13.8 -169.9 36.7156635 -4.4891633 0.00 335.54 0.97 0.014 11:49:58.32
75 1 -25.7 -23.0 2.091 -2.091 5.1 -14.1 -169.9 36.7156643 -4.4891637 0.00 342.71 1.06 0.015 11:49:58.42
75 1 -25.7 -23.0 4.182 -3.567 4.9 -14.3 -170.3 36.7156651 -4.4891640 0.00 339.40 0.85 0.015 11:49:58.53
75 1 -25.7 -23.0 3.321 -1.476 4.9 -14.8 -170.1 36.7156651 -4.4891640 0.00 339.40 0.85 0.015 11:49:58.62
75 1 -25.7 -23.0 5.289 -4.305 5.2 -14.7 -170.4 36.7156659 -4.4891644 0.00 338.87 0.86 0.015 11:49:58.71
75 9 -25.7 -23.0 8.610 3.075 4.6 -14.7 -170.6 36.7156659 -4.4891644 0.00 338.87 0.86 0.015 11:49:58.82
75 9 -25.7 -23.0 8.856 0.369 4.6 -14.8 -170.0 36.7156668 -4.4891646 0.00 350.56 1.10 0.015 11:49:58.92
75 -2 -25.7 -23.0 5.412 -4.551 4.9 -15.1 -169.9 36.7156668 -4.4891646 0.00 350.56 1.10 0.015 11:49:59.03
75 -2 -25.7 -23.0 9.471 1.476 4.2 -14.9 -169.9 36.7156676 -4.4891651 0.00 327.04 0.91 0.015 11:49:59.12
75 20 -25.7 -23.0 10.086 6.642 3.8 -14.8 -169.8 36.7156676 -4.4891651 0.00 327.04 0.91 0.015 11:49:59.23
75 20 -25.7 -23.0 8.364 1.476 3.7 -14.8 -169.0 36.7156676 -4.4891651 0.00 327.04 0.91 0.015 11:49:59.32
75 20 -25.7 -23.0 12.423 2.706 3.2 -15.0 -168.1 36.7156685 -4.4891653 0.00 354.07 1.10 0.015 11:49:59.43
75 20 -25.7 -23.0 7.380 3.936 2.7 -14.5 -166.9 36.7156694 -4.4891657 0.00 338.86 0.93 0.015 11:49:59.53
75 9 -25.7 -23.0 13.776 -1.599 2.9 -14.5 -165.8 36.7156694 -4.4891657 0.00 338.86 0.93 0.015 11:49:59.62
75 9 -25.7 -23.0 12.054 4.059 3.1 -14.8 -165.4 36.7156702 -4.4891661 0.00 336.86 0.97 0.015 11:49:59.73
75 11 -21.8 -24.9 8.856 1.968 2.3 -14.1 -164.9 36.7156702 -4.4891661 0.00 336.86 0.97 0.015 11:49:59.82
75 11 -21.8 -24.9 15.006 2.214 1.8 -13.6 -164.0 36.7156712 -4.4891663 0.00 354.70 1.24 0.015 11:49:59.93
75 -6 -21.8 -24.9 5.412 -4.920 1.9 -13.8 -163.2 36.7156712 -4.4891663 0.00 354.70 1.24 0.015 11:50:00.03
75 -6 -21.8 -24.9 4.305 -0.615 1.4 -13.5 -163.1 36.7156722 -4.4891666 0.00 339.96 0.98 0.015 11:50:00.14
75 8 -21.8 -24.9 3.567 3.936 0.8 -12.3 -163.3 36.7156722 -4.4891666 0.00 339.96 0.98 0.015 11:50:00.23
75 8 -21.8 -24.9 5.289 1.230 1.0 -11.5 -162.7 36.7156722 -4.4891666 0.00 339.96 0.98 0.015 11:50:00.32
75 8 -21.8 -24.9 5.535 -1.230 1.0 -11.4 -162.5 36.7156734 -4.4891668 0.00 358.31 1.51 0.015 11:50:00.43
75 8 -21.8 -24.9 9.471 1.722 1.0 -10.8 -162.0 36.7156743 -4.4891671 0.00 339.64 0.93 0.015 11:50:00.53
75 8 -21.8 -24.9 4.551 2.337 1.6 -10.2 -161.5 36.7156743 -4.4891671 0.00 339.64 0.93 0.015 11:50:00.64
75 8 -21.8 -24.9 6.642 -0.492 1.3 -10.6 -161.4 36.7156753 -4.4891675 0.00 336.71 1.17 0.015 11:50:00.73
75 11 -21.8 -24.9 12.792 2.952 0.5 -10.4 -161.0 36.7156753 -4.4891675 0.00 336.71 1.17 0.015 11:50:00.84
75 11 -21.8 -24.9 5.166 1.107 0.2 -9.8 -160.2 36.7156763 -4.4891676 0.00 7.37 1.01 0.015 11:50:00.93
75 -18 -21.8 -24.9 -3.690 -6.888 0.4 -9.4 -159.3 36.7156763 -4.4891676 0.00 7.37 1.01 0.015 11:50:01.03
75 -18 -21.8 -24.9 2.952 0.615 0.7 -9.3 -159.6 36.7156773 -4.4891678 0.00 347.55 1.18 0.015 11:50:01.14
75 1 -21.8 -24.9 0.123 -2.583 1.0 -9.4 -160.3 36.7156773 -4.4891678 0.00 347.55 1.18 0.015 11:50:01.23
75 1 -21.8 -24.9 2.952 -4.182 1.2 -9.5 -160.5 36.7156773 -4.4891678 0.00 347.55 1.18 0.015 11:50:01.34
75 1 -21.8 -24.9 0.861 -1.599 1.0 -9.2 -160.5 36.7156781 -4.4891680 0.00 342.89 0.86 0.015 11:50:01.43
75 3 -21.8 -24.9 4.551 -3.075 1.0 -9.4 -160.3 36.7156791 -4.4891684 0.00 345.01 1.12 0.015 11:50:01.54
75 3 -21.8 -24.9 7.872 -0.492 0.9 -9.0 -160.6 36.7156791 -4.4891684 0.00 345.01 1.12 0.015 11:50:01.64
75 -2 -21.8 -24.9 -0.492 0.123 0.8 -8.8 -160.2 36.7156800 -4.4891686 0.00 350.32 0.93 0.015 11:50:01.75
75 -2 -21.8 -24.9 3.321 -1.722 0.8 -8.9 -160.4 36.7156800 -4.4891686 0.00 350.32 0.93 0.015 11:50:01.84
75 -4 -21.8 -24.9 1.722 -0.123 0.9 -8.7 -160.2 36.7156809 -4.4891688 0.00 352.43 1.00 0.015 11:50:01.93
75 -4 -21.8 -24.9 0.984 -2.583 2.0 -8.5 -160.0 36.7156809 -4.4891688 0.00 352.43 1.00 0.015 11:50:02.04
75 10 -21.8 -24.9 4.305 -4.059 2.1 -9.6 -160.8 36.7156819 -4.4891691 0.00 338.63 1.17 0.015 11:50:02.14
75 10 -21.8 -24.9 6.888 -3.321 0.9 -10.7 -160.9 36.7156819 -4.4891691 0.00 338.63 1.17 0.015 11:50:02.25
75 10 -21.8 -24.9 3.813 -4.797 0.6 -10.6 -160.7 36.7156825 -4.4891691 0.00 31.02 0.52 0.015 11:50:02.34
75 10 -21.8 -24.9 7.995 1.599 0.7 -11.5 -160.1 36.7156825 -4.4891691 0.00 31.02 0.52 0.015 11:50:02.43
75 7 -21.8 -24.9 11.193 -1.599 1.3 -12.8 -160.0 36.7156832 -4.4891693 0.00 340.70 0.96 0.015 11:50:02.54
75 7 -21.8 -24.9 8.364 -2.214 1.0 -14.2 -159.8 36.7156832 -4.4891693 0.00 340.70 0.96 0.015 11:50:02.64
75 12 -21.8 -24.9 13.161 1.230 1.1 -15.8 -159.4 36.7156837 -4.4891695 0.00 335.63 0.40 0.015 11:50:02.75
75 12 -21.8 -24.9 9.840 3.444 1.6 -17.3 -159.2 36.7156837 -4.4891695 0.00 335.63 0.40 0.015 11:50:02.84
75 15 -21.8 -24.9 8.733 1.968 1.7 -19.2 -158.7 36.7156842 -4.4891697 0.00 333.45 0.53 0.015 11:50:02.93
75 15 -21.8 -24.9 11.316 1.968 2.0 -20.6 -158.5 36.7156842 -4.4891697 0.00 333.45 0.53 0.015 11:50:03.04
75 8 -21.8 -24.9 7.257 -0.615 1.3 -20.2 -158.2 36.7156846 -4.4891699 0.00 340.85 0.56 0.015 11:50:03.14
75 8 -21.8 -24.9 15.375 -1.476 0.7 -20.5 -157.6 36.7156846 -4.4891699 0.00 340.85 0.56 0.015 11:50:03.25
75 8 -21.8 -24.9 8.118 -1.230 0.8 -21.9 -157.4 36.7156855 -4.4891700 0.00 3.03 1.13 0.016 11:50:03.34
75 8 -21.8 -24.9 8.979 -4.551 0.5 -22.9 -157.4 36.7156855 -4.4891700 0.00 3.03 1.13 0.016 11:50:03.45
75 -5 -21.8 -24.9 14.391 -3.567 0.8 -23.1 -156.9 36.7156861 -4.4891700 0.00 354.33 0.55 0.016 11:50:03.54
75 -5 -21.8 -24.9 13.284 -9.348 1.9 -23.1 -156.9 36.7156861 -4.4891700 0.00 354.33 0.55 0.016 11:50:03.64
75 19 -21.8 -24.9 11.685 -7.749 2.8 -23.5 -156.7 36.7156868 -4.4891704 0.00 328.40 0.99 0.016 11:50:03.75
75 19 -21.8 -24.9 13.284 3.813 3.3 -24.2 -157.5 36.7156868 -4.4891704 0.00 328.40 0.99 0.016 11:50:03.84
75 13 -21.8 -24.9 8.733 -2.583 3.2 -24.6 -157.3 36.7156874 -4.4891708 0.00 335.47 0.67 0.016 11:50:03.95
75 13 -21.8 -24.9 14.022 -2.460 3.1 -25.0 -157.0 36.7156874 -4.4891708 0.00 335.47 0.67 0.016 11:50:04.04
75 -12 -21.8 -24.9 12.423 0.369 2.8 -25.0 -156.3 36.7156882 -4.4891709 0.00 2.08 0.88 0.016 11:50:04.14
75 -12 -21.8 -24.9 11.439 -8.856 2.8 -25.0 -156.2 36.7156882 -4.4891709 0.00 2.08 0.88 0.016 11:50:04.25
75 -12 -21.8 -24.9 11.316 -4.674 2.9 -25.3 -155.9 36.7156891 -4.4891709 0.00 358.70 1.13 0.016 11:50:04.34
75 -12 -21.8 -24.9 9.717 -6.396 3.3 -26.3 -156.6 36.7156891 -4.4891709 0.00 358.70 1.13 0.016 11:50:04.45
75 6 -21.8 -24.9 3.690 -9.225 3.6 -27.1 -157.0 36.7156899 -4.4891711 0.00 342.09 0.69 0.016 11:50:04.54
75 6 -21.8 -24.9 3.690 -9.225 4.5 -26.5 -157.2 36.7156899 -4.4891711 0.00 342.09 0.69 0.016 11:50:04.64
75 14 -21.4 -23.4 9.471 -5.781 6.9 -24.2 -156.9 36.7156907 -4.4891715 0.00 333.84 1.10 0.016 11:50:04.75
75 14 -21.4 -23.4 13.161 0.369 9.8 -21.6 -156.7 36.7156907 -4.4891715 0.00 333.84 1.10 0.016 11:50:04.84
75 21 -21.4 -23.4 7.134 1.722 11.7 -18.8 -156.6 36.7156922 -4.4891726 0.00 327.65 2.25 0.016 11:50:04.95
75 21 -21.4 -23.4 10.455 1.599 12.4 -18.4 -156.0 36.7156922 -4.4891726 0.00 327.65 2.25 0.016 11:50:05.04
75 10 -21.4 -23.4 13.776 1.107 12.5 -19.1 -155.6 36.7156934 -4.4891733 0.00 340.53 1.21 0.016 11:50:05.15
75 10 -21.4 -23.4 12.669 -0.615 12.2 -18.8 -155.3 36.7156934 -4.4891733 0.00 340.53 1.21 0.016 11:50:05.25
75 10 -21.4 -23.4 10.332 -1.722 12.0 -18.5 -155.2 36.7156942 -4.4891734 0.00 14.03 0.74 0.016 11:50:05.34
75 10 -21.4 -23.4 10.086 -0.123 11.9 -18.5 -155.5 36.7156942 -4.4891734 0.00 14.03 0.74 0.016 11:50:05.45
75 -6 -21.4 -23.4 10.332 1.476 11.6 -18.4 -155.6 36.7156951 -4.4891734 0.00 357.49 0.99 0.016 11:50:05.54
75 -6 -21.4 -23.4 10.332 1.476 11.4 -18.5 -155.4 36.7156951 -4.4891734 0.00 357.49 0.99 0.016 11:50:05.65
75 -12 -21.4 -23.4 14.883 -0.369 11.0 -18.6 -155.7 36.7156960 -4.4891734 0.00 3.40 1.02 0.016 11:50:05.75
75 -12 -21.4 -23.4 9.717 -6.396 11.0 -18.0 -155.4 36.7156960 -4.4891734 0.00 3.40 1.02 0.016 11:50:05.85
75 -4 -21.4 -23.4 9.717 -6.396 11.5 -17.7 -155.6 36.7156970 -4.4891735 0.00 354.99 1.13 0.016 11:50:05.95
75 -4 -21.4 -23.4 3.813 1.476 12.4 -17.4 -155.3 36.7156970 -4.4891735 0.00 354.99 1.13 0.016 11:50:06.04
75 9 -21.4 -23.4 3.813 1.476 12.9 -17.2 -156.0 36.7156981 -4.4891739 0.00 341.30 1.26 0.016 11:50:06.15
75 9 -21.4 -23.4 4.059 -1.722 12.4 -17.1 -156.5 36.7156981 -4.4891739 0.00 341.30 1.26 0.016 11:50:06.25
75 9 -21.4 -23.4 9.717 -4.059 11.9 -17.1 -156.2 36.7156989 -4.4891739 0.00 6.80 0.85 0.033 11:50:06.35
75 9 -21.4 -23.4 7.503 -0.123 11.7 -17.0 -155.7 36.7156989 -4.4891739 0.00 6.80 0.85 0.033 11:50:06.45
75 -9 -21.4 -23.4 7.503 -0.123 11.5 -17.1 -155.6 36.7156999 -4.4891739 0.00 359.54 1.11 0.033 11:50:06.56
75 -9 -21.4 -23.4 6.273 -3.690 10.8 -17.2 -155.5 36.7156999 -4.4891739 0.00 359.54 1.11 0.033 11:50:06.65
75 -15 -21.4 -23.4 6.273 -3.690 10.2 -17.2 -155.8 36.7157008 -4.4891738 0.00 5.35 0.91 0.033 11:50:06.75
75 -15 -21.4 -23.4 3.936 -6.396 10.4 -17.7 -156.2 36.7157008 -4.4891738 0.00 5.35 0.91 0.033 11:50:06.85
75 -7 -21.4 -23.4 5.904 -9.102 11.2 -18.2 -157.1 36.7157016 -4.4891738 0.00 356.06 0.81 0.033 11:50:06.95
75 -7 -21.4 -23.4 0.984 -6.150 11.9 -18.9 -158.3 36.7157016 -4.4891738 0.00 356.06 0.81 0.033 11:50:07.06
75 14 -21.4 -23.4 4.797 -2.952 11.9 -18.4 -160.0 36.7157022 -4.4891741 0.00 333.47 0.69 0.033 11:50:07.15
75 14 -21.4 -23.4 4.797 -2.952 10.3 -17.6 -160.6 36.7157022 -4.4891741 0.00 333.47 0.69 0.033 11:50:07.26
75 14 -21.4 -23.4 7.749 -1.968 9.8 -17.2 -159.4 36.7157033 -4.4891739 0.00 14.42 1.43 0.033 11:50:07.35
75 14 -21.4 -23.4 3.321 -2.952 10.1 -17.7 -159.3 36.7157033 -4.4891739 0.00 14.42 1.43 0.033 11:50:07.45
75 8 -21.4 -23.4 11.070 4.674 9.7 -18.1 -158.8 36.7157042 -4.4891741 0.00 338.69 0.95 0.033 11:50:07.56
75 8 -21.4 -23.4 7.257 -1.722 9.2 -17.7 -157.7 36.7157042 -4.4891741 0.00 338.69 0.95 0.033 11:50:07.65
75 -17 -21.4 -23.4 12.300 -1.968 9.1 -17.2 -157.2 36.7157052 -4.4891741 0.00 4.43 1.12 0.033 11:50:07.76
75 -17 -21.4 -23.4 8.979 0.246 9.0 -16.5 -156.8 36.7157063 -4.4891742 0.00 353.94 1.27 0.033 11:50:07.85
75 -8 -21.4 -23.4 0.984 -6.273 9.4 -16.3 -157.1 36.7157063 -4.4891742 0.00 353.94 1.27 0.033 11:50:07.96
75 -8 -21.4 -23.4 0.984 -6.273 9.9 -17.0 -158.4 36.7157071 -4.4891744 0.00 339.02 0.66 0.033 11:50:08.06
75 6 -21.4 -23.4 2.706 -9.963 9.8 -17.5 -159.3 36.7157071 -4.4891744 0.00 339.02 0.66 0.033 11:50:08.15
75 6 -21.4 -23.4 1.845 -7.626 9.8 -17.8 -159.9 36.7157071 -4.4891744 0.00 339.02 0.66 0.033 11:50:08.26
75 6 -21.4 -23.4 6.888 -1.968 10.1 -18.0 -159.9 36.7157078 -4.4891744 0.00 3.67 0.82 0.033 11:50:08.35
75 6 -21.4 -23.4 4.797 -2.583 10.3 -18.7 -160.2 36.7157086 -4.4891746 0.00 345.57 0.95 0.033 11:50:08.46
75 6 -21.4 -23.4 8.979 -5.043 10.5 -19.0 -160.4 36.7157086 -4.4891746 0.00 345.57 0.95 0.033 11:50:08.56
75 6 -21.4 -23.4 12.177 -1.353 10.8 -18.8 -160.5 36.7157094 -4.4891748 0.00 352.26 0.94 0.033 11:50:08.65
75 -4 -21.4 -23.4 6.027 -3.444 10.5 -19.1 -160.4 36.7157094 -4.4891748 0.00 352.26 0.94 0.033 11:50:08.76
75 -4 -21.4 -23.4 8.979 2.583 10.1 -19.2 -160.2 36.7157102 -4.4891747 0.00 8.06 0.84 0.033 11:50:08.85
75 -19 -21.4 -23.4 7.995 -5.904 10.8 -18.0 -159.9 36.7157102 -4.4891747 0.00 8.06 0.84 0.033 11:50:08.96
75 -19 -21.4 -23.4 6.150 -6.642 11.0 -17.1 -160.7 36.7157114 -4.4891751 0.00 342.80 1.56 0.033 11:50:09.06
75 5 -21.4 -23.4 -1.230 -5.781 10.7 -18.4 -161.4 36.7157114 -4.4891751 0.00 342.80 1.56 0.033 11:50:09.17
75 5 -21.4 -23.4 3.936 -6.642 11.2 -18.6 -162.7 36.7157114 -4.4891751 0.00 342.80 1.56 0.033 11:50:09.26
75 5 -21.4 -23.4 8.364 -8.979 11.6 -18.4 -163.2 36.7157120 -4.4891751 0.00 15.94 0.29 0.030 11:50:09.37
75 5 -21.4 -23.4 5.658 -3.567 11.2 -18.4 -163.1 36.7157130 -4.4891753 0.00 350.63 1.32 0.030 11:50:09.46
75 -2 -21.4 -23.4 9.594 -0.369 11.0 -18.7 -162.9 36.7157130 -4.4891753 0.00 350.63 1.32 0.030 11:50:09.56
75 -2 -21.4 -23.4 0.492 -4.182 10.9 -19.1 -163.0 36.7157138 -4.4891754 0.00 355.33 0.75 0.030 11:50:09.67
75 -7 -23.7 -23.4 9.102 -3.567 10.3 -19.1 -163.4 36.7157138 -4.4891754 0.00 355.33 0.75 0.030 11:50:09.76
75 -7 -23.7 -23.4 4.059 -2.829 10.0 -19.2 -163.3 36.7157147 -4.4891753 0.00 5.76 1.10 0.030 11:50:09.87
75 -17 -23.7 -23.4 0.000 -3.690 10.4 -19.5 -163.4 36.7157147 -4.4891753 0.00 5.76 1.10 0.030 11:50:09.96
75 -17 -23.7 -23.4 -1.599 -7.380 11.4 -20.0 -164.3 36.7157154 -4.4891757 0.00 322.52 0.78 0.030 11:50:10.06
75 24 -23.7 -23.4 8.118 -9.594 11.7 -19.3 -165.3 36.7157154 -4.4891757 0.00 322.52 0.78 0.030 11:50:10.17
75 24 -23.7 -23.4 23.985 0.492 11.4 -17.4 -166.4 36.7157154 -4.4891757 0.00 322.52 0.78 0.030 11:50:10.26
75 24 -23.7 -23.4 10.455 4.182 10.7 -15.8 -165.6 36.7157165 -4.4891759 0.00 356.74 1.48 0.030 11:50:10.37
75 24 -23.7 -23.4 7.626 1.968 9.6 -14.9 -163.8 36.7157178 -4.4891760 0.00 357.63 1.42 0.030 11:50:10.46
75 -10 -23.7 -23.4 11.931 1.107 9.2 -15.0 -162.7 36.7157178 -4.4891760 0.00 357.63 1.42 0.030 11:50:10.57
75 -10 -23.7 -23.4 12.054 -12.300 8.3 -15.0 -161.4 36.7157188 -4.4891761 0.00 351.07 0.97 0.030 11:50:10.67
75 -4 -23.7 -23.4 2.706 -6.765 7.1 -15.1 -161.1 36.7157188 -4.4891761 0.00 351.07 0.97 0.030 11:50:10.76
75 -4 -23.7 -23.4 6.519 -0.492 6.5 -14.9 -161.6 36.7157197 -4.4891759 0.00 19.28 0.99 0.030 11:50:10.87
75 -31 -23.7 -23.4 7.872 0.492 6.3 -15.1 -161.5 36.7157197 -4.4891759 0.00 19.28 0.99 0.030 11:50:10.96
75 -31 -23.7 -23.4 -14.145 -17.343 6.5 -15.6 -161.8 36.7157206 -4.4891759 0.00 354.17 0.88 0.030 11:50:11.07
75 -7 -23.7 -23.4 -1.476 -10.455 7.0 -15.9 -163.0 36.7157206 -4.4891759 0.00 354.17 0.88 0.030 11:50:11.17
75 -7 -23.7 -23.4 14.391 -7.872 7.8 -16.5 -164.2 36.7157206 -4.4891759 0.00 354.17 0.88 0.030 11:50:11.28
75 -7 -23.7 -23.4 0.246 -12.546 8.8 -17.9 -164.6 36.7157212 -4.4891761 0.00 336.04 0.67 0.030 11:50:11.37
75 -7 -23.7 -23.4 0.615 -8.610 9.7 -18.7 -165.8 36.7157217 -4.4891764 0.00 322.61 0.57 0.030 11:50:11.48
75 23 -23.7 -23.4 4.059 -10.578 9.9 -19.1 -166.7 36.7157217 -4.4891764 0.00 322.61 0.57 0.030 11:50:11.57
75 23 -23.7 -23.4 14.637 7.872 9.3 -19.5 -167.6 36.7157225 -4.4891765 0.00 7.33 1.02 0.030 11:50:11.67
75 -20 -23.7 -23.4 7.749 3.936 8.3 -18.8 -167.2 36.7157225 -4.4891765 0.00 7.33 1.02 0.030 11:50:11.78
75 -20 -23.7 -23.4 6.765 -12.423 7.0 -18.3 -165.9 36.7157236 -4.4891764 0.00 3.22 1.33 0.030 11:50:11.87
75 -17 -23.7 -23.4 -3.567 -9.225 6.5 -17.5 -165.7 36.7157236 -4.4891764 0.00 3.22 1.33 0.030 11:50:11.98
75 -17 -23.7 -23.4 0.369 -5.289 6.3 -16.9 -166.7 36.7157247 -4.4891766 0.00 347.73 1.23 0.030 11:50:12.07
75 -2 -23.7 -23.4 1.107 -8.979 6.1 -16.4 -167.9 36.7157247 -4.4891766 0.00 347.73 1.23 0.030 11:50:12.18
75 -2 -23.7 -23.4 8.979 -3.567 6.2 -15.2 -168.9 36.7157247 -4.4891766 0.00 347.73 1.23 0.030 11:50:12.28
75 -2 -23.7 -23.4 1.845 -3.075 6.2 -14.0 -168.9 36.7157258 -4.4891767 0.00 357.93 1.17 0.030 11:50:12.39
75 -2 -23.7 -23.4 -0.615 -7.872 6.6 -12.6 -168.9 36.7157270 -4.4891770 0.00 343.08 1.38 0.030 11:50:12.48
75 2 -23.7 -23.4 3.075 -4.551 6.7 -11.5 -169.3 36.7157270 -4.4891770 0.00 343.08 1.38 0.030 11:50:12.57
75 2 -23.7 -23.4 6.150 0.861 6.1 -10.9 -169.4 36.7157281 -4.4891772 0.00 353.14 1.17 0.030 11:50:12.68
75 -8 -23.7 -23.4 1.353 -4.428 6.1 -10.7 -168.9 36.7157281 -4.4891772 0.00 353.14 1.17 0.030 11:50:12.78
75 -8 -23.7 -23.4 -1.353 -5.289 6.1 -10.9 -169.4 36.7157290 -4.4891775 0.00 346.46 0.93 0.030 11:50:12.89
75 -2 -23.7 -23.4 8.364 -2.583 6.0 -11.7 -169.5 36.7157290 -4.4891775 0.00 346.46 0.93 0.030 11:50:12.98
75 -2 -23.7 -23.4 2.952 -5.289 7.0 -12.9 -170.2 36.7157295 -4.4891777 0.00 324.12 0.41 0.030 11:50:13.09
75 19 -23.7 -23.4 9.102 -4.674 6.8 -13.0 -171.1 36.7157295 -4.4891777 0.00 324.12 0.41 0.030 11:50:13.18
75 19 -23.7 -23.4 9.963 6.765 6.2 -12.9 -170.9 36.7157295 -4.4891777 0.00 324.12 0.41 0.030 11:50:13.28
75 19 -23.7 -23.4 6.765 4.551 6.5 -12.8 -169.9 36.7157305 -4.4891778 0.00 358.13 1.34 0.030 11:50:13.39
75 19 -23.7 -23.4 5.658 5.166 6.7 -13.7 -168.8 36.7157312 -4.4891782 0.00 325.26 0.82 0.030 11:50:13.48
75 18 -23.7 -23.4 8.241 1.845 6.4 -14.3 -167.9 36.7157312 -4.4891782 0.00 325.26 0.82 0.030 11:50:13.59
75 18 -23.7 -23.4 11.193 -0.738 6.2 -15.1 -167.5 36.7157320 -4.4891784 0.00 353.44 0.84 0.030 11:50:13.68
75 -8 -23.7 -23.4 10.578 2.829 5.8 -15.2 -166.6 36.7157320 -4.4891784 0.00 353.44 0.84 0.030 11:50:13.78
75 -8 -23.7 -23.4 8.610 -11.931 5.7 -15.3 -166.2 36.7157328 -4.4891786 0.00 352.16 0.93 0.030 11:50:13.89
75 -7 -23.7 -23.4 10.332 -2.583 5.5 -15.2 -166.4 36.7157328 -4.4891786 0.00 352.16 0.93 0.030 11:50:13.98
75 -7 -23.7 -23.4 8.979 -2.829 5.7 -14.8 -165.6 36.7157338 -4.4891788 0.00 352.77 1.18 0.030 11:50:14.09
75 -8 -23.7 -23.4 -0.738 -3.075 5.5 -14.8 -166.4 36.7157338 -4.4891788 0.00 352.77 1.18 0.030 11:50:14.18
75 -8 -23.7 -23.4 3.936 2.091 4.6 -15.5 -166.7 36.7157338 -4.4891788 0.00 352.77 1.18 0.030 11:50:14.29
75 -8 -23.7 -23.4 0.984 -5.535 4.7 -15.8 -166.8 36.7157347 -4.4891787 0.00 6.19 0.89 0.031 11:50:14.39
75 -8 -23.7 -23.4 0.369 -8.118 5.6 -16.8 -167.2 36.7157354 -4.4891790 0.00 331.49 0.78 0.031 11:50:14.50
75 11 -23.7 -23.4 5.904 -7.011 6.6 -17.6 -168.0 36.7157354 -4.4891790 0.00 331.49 0.78 0.031 11:50:14.59
75 11 -23.7 -23.4 9.717 -0.492 7.1 -17.9 -168.3 36.7157360 -4.4891794 0.00 323.57 0.65 0.031 11:50:14.68
75 19 -21.4 -24.5 5.781 -4.674 6.6 -17.3 -168.0 36.7157360 -4.4891794 0.00 323.57 0.65 0.031 11:50:14.79
75 19 -21.4 -24.5 10.701 4.920 5.2 -15.9 -167.5 36.7157372 -4.4891794 0.00 3.71 1.67 0.031 11:50:14.89
75 -20 -21.4 -24.5 9.102 1.107 3.2 -14.8 -166.0 36.7157372 -4.4891794 0.00 3.71 1.67 0.031 11:50:15.00
75 -20 -21.4 -24.5 -7.011 -10.701 2.3 -14.7 -164.9 36.7157384 -4.4891793 0.00 11.37 1.28 0.031 11:50:15.09
75 -29 -21.4 -24.5 4.182 -5.904 2.6 -15.1 -166.2 36.7157384 -4.4891793 0.00 11.37 1.28 0.031 11:50:15.18
75 -29 -21.4 -24.5 -4.674 -6.642 2.8 -16.1 -167.0 36.7157384 -4.4891793 0.00 11.37 1.28 0.031 11:50:15.29
75 -29 -21.4 -24.5 1.599 -7.134 3.0 -16.0 -168.8 36.7157390 -4.4891795 0.00 321.70 0.59 0.031 11:50:15.39
75 -29 -21.4 -24.5 -1.107 -11.685 2.7 -14.8 -170.5 36.7157399 -4.4891796 0.00 359.50 1.09 0.031 11:50:15.50
75 -19 -21.4 -24.5 -4.059 -10.701 3.3 -14.6 -171.9 36.7157399 -4.4891796 0.00 359.50 1.09 0.031 11:50:15.59
75 -19 -21.4 -24.5 4.797 -7.257 3.7 -15.4 -173.4 36.7157408 -4.4891799 0.00 338.44 0.94 0.031 11:50:15.68
75 1 -21.4 -24.5 -0.123 -10.824 4.1 -15.6 -174.2 36.7157408 -4.4891799 0.00 338.44 0.94 0.031 11:50:15.79
75 1 -21.4 -24.5 7.872 -9.963 4.5 -15.4 -175.5 36.7157415 -4.4891802 0.00 335.65 0.87 0.031 11:50:15.89
75 4 -21.4 -24.5 -0.984 -10.824 4.4 -15.3 -175.8 36.7157415 -4.4891802 0.00 335.65 0.87 0.031 11:50:16.00
75 4 -21.4 -24.5 1.722 1.845 4.0 -15.0 -176.6 36.7157425 -4.4891806 0.00 345.99 1.15 0.031 11:50:16.09
75 -6 -21.4 -24.5 5.904 -0.123 3.7 -14.4 -176.6 36.7157425 -4.4891806 0.00 345.99 1.15 0.031 11:50:16.20
75 -6 -21.4 -24.5 -0.861 -4.797 3.5 -14.4 -176.8 36.7157425 -4.4891806 0.00 345.99 1.15 0.031 11:50:16.29
75 -6 -21.4 -24.5 3.075 -5.166 3.5 -14.6 -176.8 36.7157434 -4.4891809 0.00 342.19 1.08 0.031 11:50:16.39
75 -6 -21.4 -24.5 5.166 -7.995 4.3 -14.0 -176.8 36.7157443 -4.4891814 0.00 332.25 0.94 0.031 11:50:16.50
0 0 -21.4 -24.5 1.599 -3.936 4.7 -13.5 -177.5 36.7157443 -4.4891814 0.00 332.25 0.94 0.031 11:50:16.59
0 0 -21.4 -24.5 -32.841 34.932 4.3 -12.9 -177.8 36.7157452 -4.4891818 0.00 339.56 1.18 0.031 11:50:16.70
0 0 -21.4 -24.5 -1.476 3.813 4.8 -10.7 -177.4 36.7157452 -4.4891818 0.00 339.56 1.18 0.031 11:50:16.79
0 0 -21.4 -24.5 -3.321 0.492 4.6 -12.4 -177.0 36.7157455 -4.4891822 0.00 270.86 0.26 0.031 11:50:16.89
0 0 -21.4 -24.5 1.107 -2.829 4.0 -13.2 -177.3 36.7157455 -4.4891822 0.00 270.86 0.26 0.031 11:50:17.00
0 0 -21.4 -24.5 0.615 -0.984 4.4 -12.5 -176.7 36.7157454 -4.4891820 0.00 134.13 0.58 0.031 11:50:17.09
0 0 -21.4 -24.5 -2.214 0.615 4.5 -12.2 -177.2 36.7157454 -4.4891820 0.00 134.13 0.58 0.031 11:50:17.20
0 0 -21.4 -24.5 0.246 -0.246 4.1 -12.7 -176.7 36.7157454 -4.4891820 0.00 134.13 0.58 0.031 11:50:17.29
0 0 -21.4 -24.5 0.000 0.369 4.4 -12.7 -177.1 36.7157454 -4.4891820 0.00 306.45 0.09 0.031 11:50:17.39
0 0 -21.4 -24.5 -0.492 0.246 4.1 -12.7 -176.7 36.7157454 -4.4891820 0.00 324.86 0.10 0.031 11:50:17.50
0 0 -21.4 -24.5 -0.369 0.246 4.3 -12.5 -177.0 36.7157454 -4.4891820 0.00 324.86 0.10 0.031 11:50:17.59
0 0 -21.4 -24.5 0.123 0.123 4.1 -12.6 -176.8 36.7157454 -4.4891820 0.00 180.69 0.06 0.031 11:50:17.70
0 0 -21.4 -24.5 0.000 -0.369 4.1 -12.6 -176.8 36.7157454 -4.4891820 0.00 180.69 0.06 0.031 11:50:17.79
0 0 -21.4 -24.5 -0.246 0.123 4.1 -12.6 -176.8 36.7157454 -4.4891820 0.00 159.13 0.02 0.031 11:50:17.90
0 0 -21.4 -24.5 0.246 0.123 4.1 -12.6 -176.8 36.7157454 -4.4891820 0.00 159.13 0.02 0.031 11:50:18.00
0 0 -21.4 -24.5 -0.246 0.246 4.1 -12.6 -176.8 36.7157454 -4.4891821 0.00 344.12 0.07 0.031 11:50:18.10
0 0 -21.4 -24.5 -0.369 -0.369 4.0 -12.6 -176.7 36.7157454 -4.4891821 0.00 344.12 0.07 0.031 11:50:18.20
0 0 -21.4 -24.5 0.000 -0.369 4.0 -12.6 -176.8 36.7157454 -4.4891821 0.00 344.12 0.07 0.031 11:50:18.29
0 0 -21.4 -24.5 -0.123 0.000 4.0 -12.6 -176.7 36.7157454 -4.4891820 0.00 120.17 0.06 0.031 11:50:18.40
0 0 -21.4 -24.5 -0.492 -0.738 3.9 -12.6 -176.7 36.7157454 -4.4891821 0.00 296.72 0.09 0.031 11:50:18.50
0 0 -21.4 -24.5 -0.369 0.246 3.9 -12.6 -176.7 36.7157454 -4.4891821 0.00 296.72 0.09 0.031 11:50:18.60
0 0 -21.4 -24.5 -0.492 -0.246 3.9 -12.6 -176.7 36.7157454 -4.4891820 0.00 102.28 0.05 0.031 11:50:18.70
0 0 -21.4 -24.5 -0.615 0.246 3.8 -12.6 -176.7 36.7157454 -4.4891820 0.00 102.28 0.05 0.031 11:50:18.79
0 0 -21.4 -24.5 -0.123 0.000 3.8 -12.6 -176.7 36.7157454 -4.4891821 0.00 292.73 0.04 0.031 11:50:18.90
0 0 -21.4 -24.5 0.123 0.123 3.8 -12.6 -176.6 36.7157454 -4.4891821 0.00 292.73 0.04 0.031 11:50:19.00
0 0 -21.4 -24.5 -0.246 0.123 3.8 -12.6 -176.6 36.7157454 -4.4891821 0.00 210.90 0.01 0.031 11:50:19.10
0 0 -21.4 -24.5 -0.246 0.000 3.8 -12.6 -176.6 36.7157454 -4.4891821 0.00 210.90 0.01 0.031 11:50:19.20
0 0 -21.4 -24.5 -0.123 -0.738 3.7 -12.6 -176.6 36.7157454 -4.4891821 0.00 210.90 0.01 0.031 11:50:19.31
0 0 -21.4 -24.5 -0.246 -0.246 3.7 -12.6 -176.6 36.7157454 -4.4891820 0.00 94.73 0.06 0.031 11:50:19.40
0 0 -21.4 -24.5 0.123 0.000 3.7 -12.6 -176.6 36.7157455 -4.4891820 0.00 306.98 0.04 0.031 11:50:19.50
0 0 -21.4 -24.5 -0.246 -0.246 3.7 -12.6 -176.6 36.7157455 -4.4891820 0.00 306.98 0.04 0.031 11:50:19.60
0 0 -21.4 -24.5 -0.246 -0.492 3.6 -12.6 -176.6 36.7157455 -4.4891820 0.00 324.34 0.03 0.031 11:50:19.70
0 0 0.0 0.0 -0.123 0.246 3.6 -12.6 -176.6 36.7157455 -4.4891820 0.00 324.34 0.03 0.031 11:50:19.81
0 0 0.0 0.0 -0.492 0.000 3.6 -12.6 -176.6 36.7157455 -4.4891820 0.00 164.38 0.02 0.031 11:50:19.90
0 0 0.0 0.0 -0.246 -0.369 3.6 -12.6 -176.6 36.7157455 -4.4891820 0.00 164.38 0.02 0.031 11:50:20.00
0 0 0.0 0.0 -0.369 0.369 3.5 -12.6 -176.5 36.7157455 -4.4891820 0.00 21.45 0.04 0.031 11:50:20.10
0 0 0.0 0.0 -0.738 0.000 3.5 -12.6 -176.5 36.7157455 -4.4891820 0.00 21.45 0.04 0.031 11:50:20.20
0 0 0.0 0.0 0.000 -0.369 3.5 -12.7 -176.5 36.7157455 -4.4891820 0.00 21.45 0.04 0.031 11:50:20.31
0 0 0.0 0.0 0.000 -0.369 3.4 -12.6 -176.5 36.7157455 -4.4891821 0.00 250.34 0.04 0.031 11:50:20.40
0 0 0.0 0.0 0.123 0.000 3.4 -12.6 -176.5 36.7157455 -4.4891820 0.00 140.38 0.04 0.031 11:50:20.51
0 0 0.0 0.0 -0.615 -0.246 3.4 -12.6 -176.5 36.7157455 -4.4891820 0.00 140.38 0.04 0.031 11:50:20.60
0 0 0.0 0.0 -0.984 0.123 3.4 -12.6 -176.4 36.7157455 -4.4891820 0.00 36.20 0.02 0.031 11:50:20.70
0 0 0.0 0.0 -0.369 -0.123 3.4 -12.6 -176.4 36.7157455 -4.4891820 0.00 36.20 0.02 0.031 11:50:20.81
0 0 0.0 0.0 0.246 -0.123 3.3 -12.6 -176.4 36.7157455 -4.4891820 0.00 350.82 0.02 0.031 11:50:20.90
0 0 0.0 0.0 -0.492 0.246 3.3 -12.6 -176.4 36.7157455 -4.4891820 0.00 350.82 0.02 0.031 11:50:21.01
0 0 0.0 0.0 -0.246 -0.369 3.3 -12.6 -176.4 36.7157455 -4.4891820 0.00 269.03 0.03 0.031 11:50:21.10
0 0 0.0 0.0 -0.123 -0.246 3.3 -12.6 -176.3 36.7157455 -4.4891820 0.00 269.03 0.03 0.031 11:50:21.21
0 0 0.0 0.0 0.369 -0.492 3.2 -12.6 -176.3 36.7157455 -4.4891820 0.00 269.03 0.03 0.031 11:50:21.31
0 0 0.0 0.0 -0.738 -0.246 3.2 -12.6 -176.3 36.7157455 -4.4891821 0.00 300.64 0.04 0.031 11:50:21.40
0 0 0.0 0.0 -0.738 -0.246 3.2 -12.6 -176.3 36.7157455 -4.4891821 0.00 134.37 0.06 0.031 11:50:21.51
0 0 0.0 0.0 -0.123 -0.369 3.1 -12.6 -176.3 36.7157455 -4.4891821 0.00 134.37 0.06 0.031 11:50:21.60
0 0 0.0 0.0 -0.369 0.123 3.1 -12.7 -176.3 36.7157454 -4.4891820 0.00 350.97 0.09 0.031 11:50:21.71
0 0 0.0 0.0 -0.123 -0.246 3.1 -12.6 -176.3 36.7157454 -4.4891820 0.00 350.97 0.09 0.031 11:50:21.81
0 0 0.0 0.0 -0.369 -0.246 3.1 -12.6 -176.3 36.7157454 -4.4891821 0.00 201.56 0.09 0.031 11:50:21.90
0 0 0.0 0.0 -0.492 0.369 3.0 -12.6 -176.2 36.7157454 -4.4891821 0.00 201.56 0.09 0.031 11:50:22.01
0 0 0.0 0.0 0.123 0.123 3.0 -12.6 -176.2 36.7157454 -4.4891821 0.00 46.18 0.08 0.031 11:50:22.10
0 0 0.0 0.0 -0.492 -0.123 3.0 -12.6 -176.2 36.7157454 -4.4891821 0.00 46.18 0.08 0.031 11:50:22.21
0 0 0.0 0.0 -0.123 0.246 3.0 -12.6 -176.2 36.7157454 -4.4891821 0.00 46.18 0.08 0.031 11:50:22.31
0 0 0.0 0.0 0.000 -0.123 3.0 -12.6 -176.2 36.7157454 -4.4891821 0.00 185.58 0.03 0.018 11:50:22.42
0 0 0.0 0.0 0.000 0.246 2.9 -12.6 -176.2 36.7157454 -4.4891821 0.00 295.88 0.08 0.018 11:50:22.51
0 0 0.0 0.0 0.123 -0.123 2.9 -12.6 -176.1 36.7157454 -4.4891821 0.00 295.88 0.08 0.018 11:50:22.62
0 0 0.0 0.0 0.000 -0.861 2.9 -12.6 -176.1 36.7157454 -4.4891821 0.00 84.24 0.04 0.018 11:50:22.71
0 0 0.0 0.0 -0.738 -0.615 2.9 -12.6 -176.1 36.7157454 -4.4891821 0.00 84.24 0.04 0.018 11:50:22.81
0 0 0.0 0.0 -0.369 0.000 2.9 -12.6 -176.1 36.7157455 -4.4891821 0.00 316.65 0.06 0.018 11:50:22.92
0 0 0.0 0.0 -0.615 0.000 2.9 -12.6 -176.1 36.7157455 -4.4891821 0.00 316.65 0.06 0.018 11:50:23.01
0 0 0.0 0.0 0.246 0.000 2.9 -12.6 -176.1 36.7157455 -4.4891821 0.00 120.09 0.07 0.018 11:50:23.12
0 0 0.0 0.0 -0.861 0.000 2.8 -12.6 -176.1 36.7157455 -4.4891821 0.00 120.09 0.07 0.018 11:50:23.21
0 0 0.0 0.0 -0.246 -0.738 2.8 -12.6 -176.0 36.7157455 -4.4891821 0.00 120.09 0.07 0.018 11:50:23.31
0 0 0.0 0.0 0.123 0.000 2.8 -12.6 -176.0 36.7157455 -4.4891821 0.00 329.05 0.02 0.014 11:50:23.42
0 0 0.0 0.0 -0.738 -0.861 2.8 -12.6 -176.0 36.7157455 -4.4891821 0.00 268.15 0.06 0.014 11:50:23.51
0 0 0.0 0.0 0.123 -0.246 2.8 -12.6 -176.0 36.7157455 -4.4891821 0.00 268.15 0.06 0.014 11:50:23.62
0 0 0.0 0.0 0.000 0.123 2.7 -12.6 -176.0 36.7157455 -4.4891821 0.00 148.68 0.06 0.014 11:50:23.71
0 0 0.0 0.0 -0.615 0.246 2.7 -12.6 -176.0 36.7157455 -4.4891821 0.00 148.68 0.06 0.014 11:50:23.82
0 0 0.0 0.0 -0.492 -0.738 2.7 -12.6 -176.0 36.7157455 -4.4891821 0.00 3.07 0.10 0.014 11:50:23.92
0 0 0.0 0.0 -0.123 -0.123 2.7 -12.6 -176.0 36.7157455 -4.4891821 0.00 3.07 0.10 0.014 11:50:24.01
0 0 0.0 0.0 -0.246 -0.123 2.7 -12.6 -176.0 36.7157455 -4.4891821 0.00 177.94 0.08 0.014 11:50:24.12
0 0 0.0 0.0 -0.984 0.123 2.7 -12.6 -175.9 36.7157455 -4.4891821 0.00 177.94 0.08 0.014 11:50:24.21
0 0 0.0 0.0 0.246 0.369 2.6 -12.6 -175.9 36.7157455 -4.4891821 0.00 177.94 0.08 0.014 11:50:24.32
0 0 0.0 0.0 0.123 0.246 2.6 -12.6 -175.9 36.7157455 -4.4891821 0.00 317.06 0.06 0.014 11:50:24.42
0 0 0.0 0.0 -0.246 -0.369 2.6 -12.6 -175.9 36.7157455 -4.4891821 0.00 71.95 0.04 0.014 11:50:24.53
0 0 0.0 0.0 -0.123 0.123 2.6 -12.6 -175.9 36.7157455 -4.4891821 0.00 71.95 0.04 0.014 11:50:24.62
0 0 0.0 0.0 0.246 0.738 2.6 -12.6 -175.9 36.7157455 -4.4891821 0.00 197.80 0.06 0.014 11:50:24.71
0 0 0.0 0.0 -0.123 -0.369 2.6 -12.7 -175.9 36.7157455 -4.4891821 0.00 197.80 0.06 0.014 11:50:24.82
0 0 0.0 0.0 -0.123 0.000 2.6 -12.6 -175.9 36.7157455 -4.4891821 0.00 22.22 0.03 0.014 11:50:24.92
0 0 0.0 0.0 0.000 -0.123 2.6 -12.6 -175.8 36.7157455 -4.4891821 0.00 22.22 0.03 0.014 11:50:25.03
0 0 0.0 0.0 0.615 -0.615 2.6 -12.6 -175.8 36.7157455 -4.4891821 0.00 307.63 0.03 0.014 11:50:25.12
0 0 0.0 0.0 0.000 -0.615 2.5 -12.6 -175.8 36.7157455 -4.4891821 0.00 307.63 0.03 0.014 11:50:25.23
0 0 0.0 0.0 -0.369 -0.123 2.5 -12.6 -175.8 36.7157455 -4.4891821 0.00 307.63 0.03 0.014 11:50:25.32
0 0 0.0 0.0 0.492 0.369 2.5 -12.6 -175.8 36.7157455 -4.4891821 0.00 186.38 0.06 0.014 11:50:25.43
0 0 0.0 0.0 -0.492 -0.246 2.5 -12.6 -175.7 36.7157455 -4.4891821 0.00 5.79 0.07 0.014 11:50:25.53
0 0 0.0 0.0 -0.246 -0.246 2.5 -12.6 -175.7 36.7157455 -4.4891821 0.00 5.79 0.07 0.014 11:50:25.62
0 0 0.0 0.0 0.492 0.000 2.5 -12.7 -175.7 36.7157455 -4.4891821 0.00 129.47 0.03 0.014 11:50:25.73
0 0 0.0 0.0 -0.123 -0.492 2.4 -12.6 -175.7 36.7157455 -4.4891821 0.00 129.47 0.03 0.014 11:50:25.82
0 0 0.0 0.0 -0.246 -0.123 2.4 -12.7 -175.7 36.7157455 -4.4891821 0.00 272.43 0.06 0.014 11:50:25.93
0 0 0.0 0.0 0.123 0.000 2.4 -12.7 -175.6 36.7157455 -4.4891821 0.00 272.43 0.06 0.014 11:50:26.03
