0 0 0.0 0.0 -0.123 -0.369 -14.8 -16.1 -34.5 36.7157523 -4.4891794 0.00 24.26 0.06 0.029 11:45:59.23
0 0 0.0 0.0 0.123 -0.246 -14.8 -16.1 -34.5 36.7157523 -4.4891794 0.00 24.26 0.06 0.029 11:45:59.34
0 0 0.0 0.0 -0.123 0.369 -14.8 -16.1 -34.5 36.7157523 -4.4891794 0.00 58.81 0.02 0.022 11:45:59.43
0 0 0.0 0.0 -0.123 -0.369 -14.8 -16.1 -34.5 36.7157523 -4.4891794 0.00 240.05 0.04 0.022 11:45:59.53
0 0 0.0 0.0 0.246 0.123 -14.8 -16.1 -34.5 36.7157523 -4.4891794 0.00 240.05 0.04 0.022 11:45:59.64
0 0 0.0 0.0 -0.615 -0.861 -14.8 -16.1 -34.5 36.7157523 -4.4891794 0.00 271.16 0.01 0.022 11:45:59.73
0 0 0.0 0.0 0.123 -0.861 -14.8 -16.1 -34.5 36.7157523 -4.4891794 0.00 271.16 0.01 0.022 11:45:59.84
0 0 0.0 0.0 -0.369 0.000 -14.8 -16.1 -34.5 36.7157523 -4.4891794 0.00 46.48 0.01 0.022 11:45:59.93
0 0 0.0 0.0 0.000 -0.246 -14.8 -16.1 -34.5 36.7157523 -4.4891794 0.00 46.48 0.01 0.022 11:46:00.03
0 0 0.0 0.0 0.000 -0.246 -14.8 -16.1 -34.5 36.7157523 -4.4891794 0.00 121.58 0.01 0.022 11:46:00.14
0 0 0.0 0.0 -0.984 -0.615 -14.8 -16.1 -34.5 36.7157523 -4.4891794 0.00 121.58 0.01 0.022 11:46:00.23
0 0 0.0 0.0 -0.123 -0.369 -14.8 -16.1 -34.5 36.7157523 -4.4891794 0.00 121.58 0.01 0.022 11:46:00.34
0 0 0.0 0.0 0.000 -0.123 -14.8 -16.1 -34.5 36.7157523 -4.4891794 0.00 72.89 0.04 0.025 11:46:00.43
0 0 0.0 0.0 0.246 -0.246 -14.8 -16.1 -34.5 36.7157523 -4.4891794 0.00 285.47 0.07 0.025 11:46:00.54
0 0 0.0 0.0 -0.123 -0.738 -14.8 -16.1 -34.5 36.7157523 -4.4891794 0.00 285.47 0.07 0.025 11:46:00.64
0 0 0.0 0.0 -0.246 -0.246 -14.8 -16.1 -34.5 36.7157523 -4.4891794 0.00 145.78 0.01 0.025 11:46:00.73
0 0 0.0 0.0 -0.984 -0.615 -14.8 -16.1 -34.5 36.7157523 -4.4891794 0.00 145.78 0.01 0.025 11:46:00.84
0 0 0.0 0.0 -0.123 -0.984 -14.8 -16.1 -34.5 36.7157523 -4.4891794 0.00 102.68 0.04 0.025 11:46:00.93
0 0 0.0 0.0 0.246 0.123 -14.8 -16.1 -34.5 36.7157523 -4.4891794 0.00 102.68 0.04 0.025 11:46:01.04
0 0 0.0 0.0 0.000 -0.369 -14.8 -16.1 -34.5 36.7157523 -4.4891794 0.00 278.30 0.05 0.025 11:46:01.14
0 0 0.0 0.0 -0.615 -0.861 -14.8 -16.1 -34.5 36.7157523 -4.4891794 0.00 278.30 0.05 0.025 11:46:01.23
0 0 0.0 0.0 0.492 -0.246 -14.7 -16.1 -34.5 36.7157523 -4.4891794 0.00 278.30 0.05 0.025 11:46:01.34
0 0 0.0 0.0 0.123 0.000 -14.7 -16.1 -34.5 36.7157523 -4.4891794 0.00 53.89 0.06 0.025 11:46:01.43
0 0 0.0 0.0 0.246 -0.369 -14.7 -16.1 -34.5 36.7157523 -4.4891794 0.00 209.27 0.09 0.025 11:46:01.54
0 0 0.0 0.0 -0.738 -0.123 -14.7 -16.1 -34.5 36.7157523 -4.4891794 0.00 209.27 0.09 0.025 11:46:01.64
0 0 0.0 0.0 0.492 -0.492 -14.7 -16.1 -34.5 36.7157523 -4.4891794 0.00 11.15 0.08 0.025 11:46:01.73
0 0 0.0 0.0 -0.492 -0.369 -14.7 -16.1 -34.5 36.7157523 -4.4891794 0.00 11.15 0.08 0.025 11:46:01.84
0 0 0.0 0.0 -0.369 -0.369 -14.7 -16.1 -34.5 36.7157523 -4.4891794 0.00 203.94 0.04 0.025 11:46:01.93
0 0 0.0 0.0 0.369 -0.123 -14.7 -16.1 -34.5 36.7157523 -4.4891794 0.00 203.94 0.04 0.025 11:46:02.04
0 0 0.0 0.0 0.246 -0.246 -14.6 -16.1 -34.5 36.7157523 -4.4891794 0.00 349.51 0.07 0.025 11:46:02.14
0 0 0.0 0.0 0.000 -0.615 -14.7 -16.1 -34.5 36.7157523 -4.4891794 0.00 349.51 0.07 0.025 11:46:02.23
0 0 0.0 0.0 -0.123 -0.738 -14.7 -16.1 -34.5 36.7157523 -4.4891794 0.00 349.51 0.07 0.025 11:46:02.34
0 0 0.0 0.0 0.246 -0.492 -14.7 -16.1 -34.5 36.7157523 -4.4891794 0.00 171.35 0.06 0.025 11:46:02.43
0 0 0.0 0.0 -0.246 -0.492 -14.7 -16.1 -34.5 36.7157523 -4.4891794 0.00 60.94 0.04 0.025 11:46:02.54
0 0 0.0 0.0 0.369 -0.615 -14.7 -16.1 -34.5 36.7157523 -4.4891794 0.00 60.94 0.04 0.025 11:46:02.64
0 0 0.0 0.0 -0.615 0.000 -14.6 -16.1 -34.5 36.7157522 -4.4891794 0.00 228.75 0.08 0.025 11:46:02.75
0 0 0.0 0.0 -0.369 0.123 -14.6 -16.1 -34.5 36.7157522 -4.4891794 0.00 228.75 0.08 0.025 11:46:02.84
0 0 0.0 0.0 -0.738 -0.123 -14.6 -16.1 -34.5 36.7157523 -4.4891794 0.00 22.55 0.12 0.025 11:46:02.93
0 0 0.0 0.0 -0.615 -0.246 -14.7 -16.1 -34.5 36.7157523 -4.4891794 0.00 22.55 0.12 0.025 11:46:03.04
0 0 0.0 0.0 -0.369 0.000 -14.7 -16.1 -34.5 36.7157522 -4.4891795 0.00 216.41 0.12 0.025 11:46:03.14
0 0 0.0 0.0 0.246 -0.123 -14.7 -16.1 -34.5 36.7157522 -4.4891795 0.00 216.41 0.12 0.025 11:46:03.25
0 0 0.0 0.0 0.246 -0.246 -14.6 -16.1 -34.5 36.7157523 -4.4891795 0.00 9.62 0.09 0.032 11:46:03.34
0 0 0.0 0.0 0.369 -0.246 -14.6 -16.1 -34.5 36.7157523 -4.4891795 0.00 9.62 0.09 0.032 11:46:03.43
0 0 0.0 0.0 -0.615 -0.246 -14.6 -16.1 -34.5 36.7157523 -4.4891794 0.00 142.24 0.07 0.032 11:46:03.54
0 0 0.0 0.0 0.123 0.123 -14.6 -16.1 -34.5 36.7157523 -4.4891794 0.00 142.24 0.07 0.032 11:46:03.64
75 -76 0.0 0.0 -0.738 -0.492 -14.6 -16.1 -34.5 36.7157522 -4.4891794 0.00 239.57 0.02 0.032 11:46:03.75
75 -76 0.0 0.0 -2.706 -48.216 -14.7 -16.1 -34.5 36.7157522 -4.4891794 0.00 239.57 0.02 0.032 11:46:03.84
75 -145 0.0 0.0 -6.519 -14.760 -14.7 -16.9 -35.9 36.7157523 -4.4891794 0.00 313.00 0.05 0.032 11:46:03.93
75 -145 0.0 0.0 -7.380 -18.327 -14.3 -17.1 -37.4 36.7157523 -4.4891794 0.00 313.00 0.05 0.032 11:46:04.04
75 -1 0.0 0.0 -9.594 -15.006 -13.4 -17.1 -39.5 36.7157521 -4.4891794 0.00 159.74 0.35 0.032 11:46:04.14
75 -1 0.0 0.0 31.119 -15.498 -12.6 -17.0 -41.6 36.7157521 -4.4891794 0.00 159.74 0.35 0.032 11:46:04.25
75 -1 0.0 0.0 5.535 -17.220 -12.2 -17.1 -42.7 36.7157517 -4.4891791 0.00 156.74 0.57 0.029 11:46:04.34
75 -1 0.0 0.0 3.444 -11.808 -11.9 -16.8 -43.2 36.7157517 -4.4891791 0.00 156.74 0.57 0.029 11:46:04.43
75 -1 0.0 0.0 4.797 -11.931 -11.3 -16.1 -43.7 36.7157510 -4.4891789 0.00 163.37 0.95 0.029 11:46:04.54
75 -1 0.0 0.0 5.781 -12.792 -10.6 -15.5 -44.1 36.7157510 -4.4891789 0.00 163.37 0.95 0.029 11:46:04.64
75 18 0.0 0.0 3.690 -9.717 -10.1 -15.6 -44.1 36.7157502 -4.4891784 0.00 149.97 0.99 0.029 11:46:04.75
75 18 -26.0 -25.7 7.134 -10.947 -9.8 -15.6 -44.1 36.7157502 -4.4891784 0.00 149.97 0.99 0.029 11:46:04.84
75 7 -26.0 -25.7 7.134 -12.177 -9.2 -15.4 -44.3 36.7157493 -4.4891780 0.00 162.42 1.09 0.029 11:46:04.95
75 7 -26.0 -25.7 7.749 9.102 -9.1 -15.3 -44.2 36.7157493 -4.4891780 0.00 162.42 1.09 0.029 11:46:05.04
75 11 -26.0 -25.7 9.348 6.396 -9.5 -15.1 -43.6 36.7157482 -4.4891775 0.00 158.43 1.29 0.029 11:46:05.14
75 11 -26.0 -25.7 -0.984 1.476 -9.8 -15.0 -42.6 36.7157482 -4.4891775 0.00 158.43 1.29 0.029 11:46:05.25
75 11 -26.0 -25.7 7.626 4.797 -10.4 -15.3 -41.5 36.7157472 -4.4891772 0.00 172.30 1.07 0.030 11:46:05.34
75 11 -26.0 -25.7 14.514 0.369 -10.6 -15.8 -40.7 36.7157472 -4.4891772 0.00 172.30 1.07 0.030 11:46:05.45
75 -7 -26.0 -25.7 10.701 2.706 -11.2 -15.7 -40.0 36.7157465 -4.4891771 0.00 176.94 0.71 0.030 11:46:05.54
75 -7 -26.0 -25.7 6.642 -6.396 -11.3 -15.7 -39.6 36.7157465 -4.4891771 0.00 176.94 0.71 0.030 11:46:05.64
75 1 -26.0 -25.7 1.968 -5.289 -11.2 -15.8 -39.6 36.7157456 -4.4891769 0.00 168.74 1.02 0.030 11:46:05.75
75 1 -26.0 -25.7 2.706 -0.123 -10.9 -15.2 -40.1 36.7157456 -4.4891769 0.00 168.74 1.02 0.030 11:46:05.84
75 8 -26.0 -25.7 3.444 3.321 -10.7 -14.4 -40.2 36.7157446 -4.4891765 0.00 161.13 1.13 0.030 11:46:05.95
75 8 -26.0 -25.7 8.364 -1.845 -11.2 -14.0 -40.1 36.7157446 -4.4891765 0.00 161.13 1.13 0.030 11:46:06.04
75 -5 -26.0 -25.7 6.642 -2.091 -12.4 -13.7 -39.8 36.7157436 -4.4891764 0.00 175.10 1.10 0.030 11:46:06.14
75 -5 -26.0 -25.7 3.936 -9.963 -13.8 -12.7 -39.3 36.7157436 -4.4891764 0.00 175.10 1.10 0.030 11:46:06.25
75 -5 -26.0 -25.7 1.599 -2.952 -13.6 -13.2 -39.8 36.7157425 -4.4891764 0.00 188.20 1.23 0.030 11:46:06.34
75 -5 -26.0 -25.7 4.797 1.230 -13.1 -14.7 -39.5 36.7157425 -4.4891764 0.00 188.20 1.23 0.030 11:46:06.45
75 39 -26.0 -25.7 6.519 -9.225 -13.0 -15.1 -39.7 36.7157420 -4.4891762 0.00 128.48 0.49 0.030 11:46:06.54
75 39 -26.0 -25.7 10.947 20.910 -13.0 -15.1 -40.0 36.7157420 -4.4891762 0.00 128.48 0.49 0.030 11:46:06.65
75 -3 -26.0 -25.7 13.530 10.824 -12.9 -15.1 -39.1 36.7157411 -4.4891759 0.00 172.97 1.19 0.030 11:46:06.75
75 -3 -26.0 -25.7 10.578 -13.161 -13.4 -15.5 -36.7 36.7157411 -4.4891759 0.00 172.97 1.19 0.030 11:46:06.84
75 12 -26.0 -25.7 11.193 -2.952 -13.7 -16.3 -35.5 36.7157405 -4.4891757 0.00 157.53 0.51 0.030 11:46:06.95
75 12 -26.0 -25.7 14.760 4.797 -14.7 -16.4 -35.4 36.7157405 -4.4891757 0.00 157.53 0.51 0.030 11:46:07.04
75 -26 -26.0 -25.7 6.027 4.797 -15.6 -16.2 -35.0 36.7157396 -4.4891759 0.00 196.71 1.05 0.030 11:46:07.15
75 -26 -26.0 -25.7 -13.653 -9.471 -15.7 -16.3 -34.0 36.7157396 -4.4891759 0.00 196.71 1.05 0.030 11:46:07.25
75 -26 -26.0 -25.7 6.642 -11.808 -15.7 -15.7 -34.6 36.7157388 -4.4891757 0.00 165.41 1.02 0.030 11:46:07.35
75 -26 -26.0 -25.7 -2.337 -8.733 -15.6 -15.5 -36.0 36.7157388 -4.4891757 0.00 165.41 1.02 0.030 11:46:07.45
75 -9 -26.0 -25.7 -1.230 -12.177 -15.0 -16.2 -37.7 36.7157377 -4.4891757 0.00 178.97 1.26 0.030 11:46:07.54
75 -9 -26.0 -25.7 8.487 -11.685 -14.3 -16.5 -39.5 36.7157377 -4.4891757 0.00 178.97 1.26 0.030 11:46:07.65
75 5 -26.0 -25.7 -0.861 -9.963 -14.0 -16.7 -40.7 36.7157369 -4.4891755 0.00 163.88 0.69 0.030 11:46:07.75
75 5 -26.0 -25.7 3.321 -4.674 -13.2 -16.1 -41.5 36.7157369 -4.4891755 0.00 163.88 0.69 0.030 11:46:07.85
75 12 -26.0 -25.7 2.952 -4.797 -12.8 -15.9 -41.9 36.7157359 -4.4891750 0.00 156.76 1.33 0.030 11:46:07.95
75 12 -26.0 -25.7 5.904 0.123 -12.6 -14.8 -42.2 36.7157359 -4.4891750 0.00 156.76 1.33 0.030 11:46:08.06
75 10 -26.0 -25.7 3.075 3.936 -12.2 -14.0 -42.1 36.7157348 -4.4891745 0.00 159.81 1.24 0.030 11:46:08.15
75 10 -26.0 -25.7 8.610 -2.091 -12.6 -14.6 -41.0 36.7157348 -4.4891745 0.00 159.81 1.24 0.030 11:46:08.25
75 10 -26.0 -25.7 9.348 -5.535 -13.4 -16.3 -40.0 36.7157340 -4.4891744 0.00 180.57 0.75 0.031 11:46:08.35
75 10 -26.0 -25.7 8.979 -7.995 -14.4 -16.4 -38.4 36.7157340 -4.4891744 0.00 180.57 0.75 0.031 11:46:08.45
75 -28 -26.0 -25.7 3.198 -6.150 -14.8 -13.5 -37.7 36.7157334 -4.4891745 0.00 199.11 0.63 0.031 11:46:08.56
75 -28 -26.0 -25.7 -21.525 -7.995 -13.8 -11.8 -37.5 36.7157334 -4.4891745 0.00 199.11 0.63 0.031 11:46:08.65
75 11 -26.0 -25.7 -3.567 -7.011 -13.5 -12.9 -37.5 36.7157319 -4.4891739 0.00 157.91 2.15 0.031 11:46:08.76
75 11 -26.0 -25.7 10.455 -4.551 -13.7 -14.7 -39.1 36.7157319 -4.4891739 0.00 157.91 2.15 0.031 11:46:08.85
75 -91 -26.0 -25.7 5.166 -4.182 -12.8 -14.7 -39.3 36.7157314 -4.4891740 0.00 265.78 0.33 0.031 11:46:08.95
75 -91 -26.0 -25.7 -28.044 -9.840 -12.7 -15.4 -38.7 36.7157306 -4.4891736 0.00 153.10 1.14 0.031 11:46:09.06
75 16 -26.0 -25.7 -8.979 -14.514 -13.2 -16.3 -39.5 36.7157306 -4.4891736 0.00 153.10 1.14 0.031 11:46:09.15
75 16 -26.0 -25.7 19.926 -8.979 -12.2 -16.7 -42.3 36.7157306 -4.4891736 0.00 153.10 1.14 0.031 11:46:09.26
75 16 -26.0 -25.7 5.043 -10.701 -11.4 -18.2 -45.2 36.7157300 -4.4891735 0.00 180.04 0.65 0.036 11:46:09.35
75 16 -26.0 -25.7 3.075 -12.423 -11.6 -19.7 -45.6 36.7157295 -4.4891734 0.00 181.57 0.45 0.036 11:46:09.46
75 -11 -26.0 -25.7 4.797 -0.369 -10.7 -19.7 -46.8 36.7157295 -4.4891734 0.00 181.57 0.45 0.036 11:46:09.56
75 -11 -26.0 -25.7 3.444 -14.514 -11.2 -21.1 -46.9 36.7157288 -4.4891732 0.00 162.09 0.81 0.036 11:46:09.65
75 7 -26.0 -25.7 7.995 -12.177 -11.2 -21.5 -47.4 36.7157288 -4.4891732 0.00 162.09 0.81 0.036 11:46:09.76
75 7 -24.5 -24.1 9.102 -8.610 -10.8 -20.9 -47.5 36.7157280 -4.4891727 0.00 150.14 1.20 0.036 11:46:09.85
75 19 -24.5 -24.1 7.134 -5.166 -10.8 -20.5 -47.6 36.7157280 -4.4891727 0.00 150.14 1.20 0.036 11:46:09.96
75 19 -24.5 -24.1 11.685 3.936 -10.6 -19.5 -47.8 36.7157269 -4.4891721 0.00 158.07 1.30 0.036 11:46:10.06
75 12 -24.5 -24.1 6.642 5.289 -11.3 -18.3 -46.5 36.7157269 -4.4891721 0.00 158.07 1.30 0.036 11:46:10.17
75 12 -24.5 -24.1 12.300 -2.091 -12.1 -17.2 -45.0 36.7157269 -4.4891721 0.00 158.07 1.30 0.036 11:46:10.26
75 12 -24.5 -24.1 10.824 -0.246 -12.8 -16.2 -44.0 36.7157258 -4.4891718 0.00 169.11 1.32 0.026 11:46:10.35
75 12 -24.5 -24.1 7.995 1.599 -13.2 -15.9 -43.2 36.7157248 -4.4891716 0.00 177.66 0.93 0.026 11:46:10.46
75 -6 -24.5 -24.1 7.749 -3.444 -14.2 -14.9 -42.0 36.7157248 -4.4891716 0.00 177.66 0.93 0.026 11:46:10.56
75 -6 -24.5 -24.1 -3.321 -2.214 -15.0 -13.7 -41.8 36.7157237 -4.4891715 0.00 177.82 1.42 0.026 11:46:10.67
75 -7 -24.5 -24.1 3.690 -1.968 -15.1 -13.9 -42.0 36.7157237 -4.4891715 0.00 177.82 1.42 0.026 11:46:10.76
75 -7 -24.5 -24.1 4.920 -4.551 -14.1 -14.9 -41.8 36.7157230 -4.4891711 0.00 130.28 0.67 0.026 11:46:10.87
75 39 -24.5 -24.1 3.936 -2.583 -13.1 -16.2 -41.6 36.7157230 -4.4891711 0.00 130.28 0.67 0.026 11:46:10.96
75 39 -24.5 -24.1 9.348 13.161 -13.2 -16.7 -42.2 36.7157224 -4.4891708 0.00 161.28 0.67 0.026 11:46:11.06
75 10 -24.5 -24.1 11.070 4.551 -14.2 -15.8 -41.3 36.7157224 -4.4891708 0.00 161.28 0.67 0.026 11:46:11.17
75 10 -24.5 -24.1 7.872 -6.273 -15.0 -16.0 -39.2 36.7157224 -4.4891708 0.00 161.28 0.67 0.026 11:46:11.26
75 10 -24.5 -24.1 11.685 -5.043 -15.8 -16.7 -38.3 36.7157215 -4.4891707 0.00 182.34 1.06 0.026 11:46:11.37
75 10 -24.5 -24.1 10.578 1.476 -17.2 -16.3 -38.1 36.7157206 -4.4891708 0.00 189.08 1.07 0.026 11:46:11.46
75 -17 -24.5 -24.1 7.626 0.984 -17.6 -15.7 -37.7 36.7157206 -4.4891708 0.00 189.08 1.07 0.026 11:46:11.56
75 -17 -24.5 -24.1 -1.230 -7.995 -17.5 -15.6 -36.6 36.7157197 -4.4891705 0.00 155.93 0.99 0.026 11:46:11.67
75 14 -24.5 -24.1 -4.059 -3.690 -17.5 -15.6 -36.5 36.7157197 -4.4891705 0.00 155.93 0.99 0.026 11:46:11.76
75 14 -24.5 -24.1 11.685 -0.246 -17.1 -14.7 -37.7 36.7157186 -4.4891703 0.00 171.60 1.31 0.026 11:46:11.87
75 0 -24.5 -24.1 10.947 0.369 -16.4 -14.5 -37.0 36.7157186 -4.4891703 0.00 171.60 1.31 0.026 11:46:11.96
75 0 -24.5 -24.1 5.781 -4.551 -16.1 -15.3 -35.4 36.7157180 -4.4891699 0.00 134.07 0.63 0.026 11:46:12.07
75 36 -24.5 -24.1 9.963 -4.674 -16.3 -15.1 -35.6 36.7157180 -4.4891699 0.00 134.07 0.63 0.026 11:46:12.17
75 36 -24.5 -24.1 9.102 15.867 -17.0 -14.3 -35.7 36.7157180 -4.4891699 0.00 134.07 0.63 0.026 11:46:12.26
75 36 -24.5 -24.1 11.193 7.257 -17.5 -13.7 -34.0 36.7157169 -4.4891698 0.00 186.44 1.43 0.026 11:46:12.37
75 36 -24.5 -24.1 12.915 2.337 -18.5 -13.9 -31.8 36.7157161 -4.4891698 0.00 179.84 0.62 0.026 11:46:12.46
75 -8 -24.5 -24.1 10.947 3.813 -19.4 -13.6 -30.3 36.7157161 -4.4891698 0.00 179.84 0.62 0.026 11:46:12.57
75 -8 -24.5 -24.1 7.749 -10.578 -20.6 -12.6 -29.3 36.7157153 -4.4891701 0.00 204.48 1.03 0.026 11:46:12.67
75 -32 -24.5 -24.1 11.193 -6.396 -21.7 -12.1 -28.9 36.7157153 -4.4891701 0.00 204.48 1.03 0.026 11:46:12.78
75 -32 -24.5 -24.1 -11.685 -6.888 -23.2 -11.1 -29.2 36.7157142 -4.4891706 0.00 195.82 1.45 0.026 11:46:12.87
75 -26 -24.5 -24.1 -5.043 -8.979 -24.2 -10.1 -30.4 36.7157142 -4.4891706 0.00 195.82 1.45 0.026 11:46:12.96
75 -26 -24.5 -24.1 1.476 -7.380 -23.8 -10.5 -32.2 36.7157130 -4.4891707 0.00 182.80 1.31 0.026 11:46:13.07
75 -15 -24.5 -24.1 -1.599 -7.872 -23.0 -11.3 -34.0 36.7157130 -4.4891707 0.00 182.80 1.31 0.026 11:46:13.17
75 -15 -24.5 -24.1 0.984 -9.963 -22.6 -11.9 -36.1 36.7157130 -4.4891707 0.00 182.80 1.31 0.026 11:46:13.28
75 -15 -24.5 -24.1 5.658 1.476 -23.3 -13.1 -38.1 36.7157120 -4.4891706 0.00 162.15 0.92 0.027 11:46:13.37
75 -15 -24.5 -24.1 2.214 -1.107 -22.9 -14.1 -39.2 36.7157111 -4.4891708 0.00 198.86 0.99 0.027 11:46:13.48
75 -31 -24.5 -24.1 -1.968 0.984 -21.4 -14.9 -39.9 36.7157111 -4.4891708 0.00 198.86 0.99 0.027 11:46:13.57
75 -31 -24.5 -24.1 -4.551 -8.118 -20.8 -15.4 -40.4 36.7157104 -4.4891701 0.00 126.54 1.18 0.027 11:46:13.68
75 38 -24.5 -24.1 -0.615 -12.423 -21.5 -14.7 -42.7 36.7157104 -4.4891701 0.00 126.54 1.18 0.027 11:46:13.78
75 38 -24.5 -24.1 10.824 7.872 -21.3 -13.7 -44.6 36.7157091 -4.4891701 0.00 187.48 1.67 0.027 11:46:13.87
75 -20 -24.5 -24.1 7.872 10.086 -21.1 -13.6 -44.5 36.7157091 -4.4891701 0.00 187.48 1.67 0.027 11:46:13.98
75 -20 -24.5 -24.1 13.776 -9.348 -21.2 -13.1 -43.0 36.7157085 -4.4891696 0.00 128.55 0.65 0.027 11:46:14.07
75 36 -24.5 -24.1 2.091 -3.813 -21.5 -13.5 -42.6 36.7157085 -4.4891696 0.00 128.55 0.65 0.027 11:46:14.18
75 36 -24.5 -24.1 8.733 10.947 -21.3 -13.8 -42.6 36.7157085 -4.4891696 0.00 128.55 0.65 0.027 11:46:14.28
75 36 -24.5 -24.1 11.316 3.567 -21.1 -13.5 -42.0 36.7157076 -4.4891695 0.00 178.26 0.99 0.027 11:46:14.39
75 36 -24.5 -24.1 11.070 6.150 -20.8 -12.8 -40.3 36.7157068 -4.4891691 0.00 152.37 1.06 0.027 11:46:14.48
75 14 -24.5 -24.1 10.824 4.920 -20.5 -13.4 -38.5 36.7157068 -4.4891691 0.00 152.37 1.06 0.027 11:46:14.57
75 14 -24.5 -24.1 10.701 -1.476 -21.1 -13.8 -37.2 36.7157062 -4.4891689 0.00 187.47 0.36 0.027 11:46:14.68
75 14 -24.5 -24.1 7.257 5.658 -21.4 -14.3 -36.7 36.7157062 -4.4891689 0.00 187.47 0.36 0.027 11:46:14.78
75 14 -20.3 -25.3 11.070 0.615 -22.2 -15.0 -35.8 36.7157056 -4.4891689 0.00 181.60 0.74 0.027 11:46:14.89
75 -13 -20.3 -25.3 12.546 -1.968 -22.8 -14.8 -35.0 36.7157056 -4.4891689 0.00 181.60 0.74 0.027 11:46:14.98
75 -13 -20.3 -25.3 9.471 -7.626 -22.3 -13.9 -34.4 36.7157047 -4.4891688 0.00 172.77 1.20 0.027 11:46:15.09
75 -5 -20.3 -25.3 1.722 -6.765 -21.9 -13.1 -34.3 36.7157047 -4.4891688 0.00 172.77 1.20 0.027 11:46:15.18
75 -5 -20.3 -25.3 -1.230 0.123 -21.6 -12.9 -34.2 36.7157047 -4.4891688 0.00 172.77 1.20 0.027 11:46:15.28
75 -5 -20.3 -25.3 0.246 -1.107 -21.1 -12.5 -34.2 36.7157036 -4.4891685 0.00 166.01 1.32 0.027 11:46:15.39
75 -5 -20.3 -25.3 2.706 -4.797 -21.1 -12.3 -34.5 36.7157025 -4.4891683 0.00 170.63 1.10 0.027 11:46:15.48
75 -3 -20.3 -25.3 5.781 -7.872 -21.2 -12.8 -34.4 36.7157025 -4.4891683 0.00 170.63 1.10 0.027 11:46:15.59
75 -3 -20.3 -25.3 1.107 -7.749 -20.9 -13.3 -34.7 36.7157018 -4.4891682 0.00 177.02 0.62 0.027 11:46:15.68
75 -9 -20.3 -25.3 4.920 -4.920 -21.2 -13.8 -34.8 36.7157018 -4.4891682 0.00 177.02 0.62 0.027 11:46:15.78
75 -9 -20.3 -25.3 0.246 -1.353 -21.6 -14.7 -34.8 36.7157010 -4.4891681 0.00 179.76 0.92 0.027 11:46:15.89
75 -12 -20.3 -25.3 0.861 -9.717 -21.7 -16.0 -35.1 36.7157010 -4.4891681 0.00 179.76 0.92 0.027 11:46:15.98
75 -12 -20.3 -25.3 1.845 -8.856 -21.5 -16.3 -35.5 36.7157002 -4.4891680 0.00 173.85 0.75 0.027 11:46:16.09
75 -6 -20.3 -25.3 0.246 -8.733 -20.9 -16.6 -35.8 36.7157002 -4.4891680 0.00 173.85 0.75 0.027 11:46:16.18
75 -6 -20.3 -25.3 -1.722 -8.610 -20.0 -17.5 -36.5 36.7157002 -4.4891680 0.00 173.85 0.75 0.027 11:46:16.29
75 -6 -20.3 -25.3 6.888 -7.380 -20.2 -17.9 -36.9 36.7156995 -4.4891677 0.00 152.14 0.94 0.027 11:46:16.39
75 -6 -20.3 -25.3 -0.246 -9.102 -20.5 -17.5 -37.4 36.7156986 -4.4891676 0.00 181.79 1.02 0.027 11:46:16.50
75 -14 -20.3 -25.3 2.091 -8.241 -20.4 -16.5 -38.3 36.7156986 -4.4891676 0.00 181.79 1.02 0.027 11:46:16.59
75 -14 -20.3 -25.3 0.615 -0.984 -20.7 -15.5 -39.2 36.7156973 -4.4891673 0.00 169.41 1.61 0.027 11:46:16.68
75 -2 -20.3 -25.3 -0.123 -6.273 -20.4 -15.4 -40.3 36.7156973 -4.4891673 0.00 169.41 1.61 0.027 11:46:16.79
75 -2 -20.3 -25.3 6.765 -6.765 -20.6 -15.4 -41.3 36.7156964 -4.4891672 0.00 173.06 0.84 0.027 11:46:16.89
75 -6 -20.3 -25.3 3.198 -6.027 -21.0 -14.2 -42.0 36.7156964 -4.4891672 0.00 173.06 0.84 0.027 11:46:17.00
75 -6 -20.3 -25.3 -1.599 -9.102 -20.9 -12.0 -42.5 36.7156951 -4.4891668 0.00 165.57 1.63 0.027 11:46:17.09
75 1 -20.3 -25.3 2.706 -0.369 -20.9 -10.2 -43.8 36.7156951 -4.4891668 0.00 165.57 1.63 0.027 11:46:17.18
75 1 -20.3 -25.3 0.123 3.075 -20.2 -9.2 -44.8 36.7156951 -4.4891668 0.00 165.57 1.63 0.027 11:46:17.29
75 1 -20.3 -25.3 5.412 -0.984 -19.8 -9.1 -44.6 36.7156937 -4.4891664 0.00 166.90 1.55 0.027 11:46:17.39
75 1 -20.3 -25.3 5.043 -1.845 -19.8 -8.6 -44.7 36.7156929 -4.4891659 0.00 142.11 0.77 0.027 11:46:17.50
75 24 -20.3 -25.3 13.038 9.471 -19.4 -7.7 -44.6 36.7156929 -4.4891659 0.00 142.11 0.77 0.027 11:46:17.59
75 24 -20.3 -25.3 11.931 5.904 -19.0 -7.0 -44.5 36.7156918 -4.4891655 0.00 165.85 1.31 0.027 11:46:17.68
75 2 -20.3 -25.3 -1.230 -8.364 -19.1 -6.1 -43.7 36.7156918 -4.4891655 0.00 165.85 1.31 0.027 11:46:17.79
75 2 -20.3 -25.3 0.123 -1.353 -20.1 -5.1 -42.2 36.7156908 -4.4891653 0.00 176.37 1.14 0.027 11:46:17.89
75 -8 -20.3 -25.3 -0.123 -1.599 -21.6 -3.9 -42.2 36.7156908 -4.4891653 0.00 176.37 1.14 0.027 11:46:18.00
75 -8 -20.3 -25.3 1.599 6.642 -21.1 -2.4 -42.3 36.7156894 -4.4891652 0.00 180.60 1.62 0.027 11:46:18.09
75 -13 -20.3 -25.3 -3.444 -1.845 -20.1 -1.4 -43.0 36.7156894 -4.4891652 0.00 180.60 1.62 0.027 11:46:18.20
75 -13 -20.3 -25.3 3.321 -0.738 -19.6 -1.3 -42.9 36.7156894 -4.4891652 0.00 180.60 1.62 0.027 11:46:18.29
75 -13 -20.3 -25.3 1.230 -0.738 -18.9 -2.3 -42.9 36.7156884 -4.4891646 0.00 139.07 1.21 0.027 11:46:18.39
75 -13 -20.3 -25.3 2.214 -5.904 -18.1 -2.9 -43.6 36.7156878 -4.4891641 0.00 143.34 0.57 0.027 11:46:18.50
75 23 -20.3 -25.3 18.450 16.113 -17.6 -2.5 -44.4 36.7156878 -4.4891641 0.00 143.34 0.57 0.027 11:46:18.59
75 23 -20.3 -25.3 5.043 8.487 -17.3 -2.1 -44.9 36.7156868 -4.4891637 0.00 165.00 1.33 0.027 11:46:18.70
75 3 -20.3 -25.3 4.305 -8.118 -16.8 -0.8 -43.5 36.7156868 -4.4891637 0.00 165.00 1.33 0.027 11:46:18.79
75 3 -20.3 -25.3 -0.369 1.107 -16.1 -0.5 -42.4 36.7156858 -4.4891632 0.00 153.20 1.12 0.027 11:46:18.89
75 15 -20.3 -25.3 5.658 9.225 -16.0 -1.6 -41.4 36.7156858 -4.4891632 0.00 153.20 1.12 0.027 11:46:19.00
75 15 -20.3 -25.3 8.856 3.321 -16.5 -2.8 -40.6 36.7156852 -4.4891629 0.00 170.63 0.45 0.027 11:46:19.09
75 -1 -20.3 -25.3 -0.246 -4.428 -17.3 -4.1 -39.0 36.7156852 -4.4891629 0.00 170.63 0.45 0.027 11:46:19.20
75 -1 -20.3 -25.3 5.535 -2.952 -17.7 -5.5 -38.1 36.7156852 -4.4891629 0.00 170.63 0.45 0.027 11:46:19.29
75 -1 -20.3 -25.3 7.380 -2.337 -16.8 -6.0 -38.0 36.7156848 -4.4891630 0.00 204.12 0.47 0.027 11:46:19.39
75 -1 -20.3 -25.3 0.123 1.476 -15.2 -6.5 -37.6 36.7156840 -4.4891625 0.00 140.74 1.16 0.027 11:46:19.50
75 28 -20.3 -25.3 19.065 8.241 -15.0 -8.6 -36.6 36.7156840 -4.4891625 0.00 140.74 1.16 0.027 11:46:19.59
75 28 -20.3 -25.3 12.546 3.813 -15.4 -11.5 -35.5 36.7156838 -4.4891624 0.00 256.10 0.17 0.027 11:46:19.70
75 -81 -20.3 -25.3 6.273 -11.685 -15.3 -13.3 -33.8 36.7156838 -4.4891624 0.00 256.10 0.17 0.027 11:46:19.79
75 -81 -24.1 -20.3 -34.686 -6.642 -15.8 -14.9 -33.4 36.7156834 -4.4891623 0.00 166.45 0.43 0.027 11:46:19.90
75 3 -24.1 -20.3 1.230 -11.562 -15.5 -16.0 -35.8 36.7156834 -4.4891623 0.00 166.45 0.43 0.027 11:46:20.00
75 3 -24.1 -20.3 3.936 -11.685 -15.4 -17.8 -39.3 36.7156829 -4.4891624 0.00 194.65 0.66 0.027 11:46:20.10
75 -24 -24.1 -20.3 3.075 -9.471 -15.6 -18.9 -40.3 36.7156829 -4.4891624 0.00 194.65 0.66 0.027 11:46:20.20
75 -24 -24.1 -20.3 3.813 -10.578 -14.5 -19.1 -41.5 36.7156829 -4.4891624 0.00 194.65 0.66 0.027 11:46:20.29
75 -24 -24.1 -20.3 1.476 -12.177 -13.4 -19.1 -42.2 36.7156822 -4.4891624 0.00 173.33 0.85 0.027 11:46:20.40
75 -24 -24.1 -20.3 4.797 -9.471 -13.3 -20.2 -42.5 36.7156815 -4.4891619 0.00 140.39 0.99 0.027 11:46:20.50
75 28 -24.1 -20.3 7.503 -14.022 -12.7 -20.6 -42.7 36.7156815 -4.4891619 0.00 140.39 0.99 0.027 11:46:20.60
75 28 -24.1 -20.3 7.749 -9.348 -11.7 -20.3 -42.9 36.7156808 -4.4891614 0.00 152.74 0.87 0.027 11:46:20.70
75 18 -24.1 -20.3 12.915 0.738 -11.7 -20.7 -42.6 36.7156808 -4.4891614 0.00 152.74 0.87 0.027 11:46:20.79
75 18 -24.1 -20.3 7.872 -2.214 -12.0 -21.1 -42.3 36.7156800 -4.4891611 0.00 169.85 1.02 0.027 11:46:20.90
75 2 -24.1 -20.3 6.888 -3.936 -12.6 -21.6 -41.5 36.7156800 -4.4891611 0.00 169.85 1.02 0.027 11:46:21.00
75 2 -24.1 -20.3 13.038 -0.615 -13.4 -22.6 -40.4 36.7156793 -4.4891609 0.00 172.08 0.66 0.027 11:46:21.10
75 0 -24.1 -20.3 7.134 -6.396 -13.7 -23.3 -39.6 36.7156793 -4.4891609 0.00 172.08 0.66 0.027 11:46:21.20
75 0 -24.1 -20.3 11.439 -2.829 -13.2 -23.2 -39.1 36.7156793 -4.4891609 0.00 172.08 0.66 0.027 11:46:21.31
75 0 -24.1 -20.3 6.519 0.738 -13.1 -22.7 -39.1 36.7156785 -4.4891607 0.00 161.86 0.84 0.027 11:46:21.40
75 0 -24.1 -20.3 1.722 -1.968 -13.0 -22.3 -38.7 36.7156775 -4.4891604 0.00 167.28 1.36 0.027 11:46:21.50
0 0 -24.1 -20.3 -5.904 9.963 -12.9 -22.4 -38.9 36.7156775 -4.4891604 0.00 167.28 1.36 0.027 11:46:21.60
0 0 -24.1 -20.3 -13.161 15.252 -13.1 -21.8 -39.0 36.7156767 -4.4891601 0.00 160.49 0.74 0.027 11:46:21.70
0 0 -24.1 -20.3 -0.738 5.166 -13.2 -19.8 -39.0 36.7156767 -4.4891601 0.00 160.49 0.74 0.027 11:46:21.81
0 0 -24.1 -20.3 4.305 -2.091 -12.9 -21.7 -38.8 36.7156764 -4.4891601 0.00 256.10 0.12 0.027 11:46:21.90
0 0 -24.1 -20.3 3.321 -4.551 -13.0 -22.3 -38.7 36.7156764 -4.4891601 0.00 256.10 0.12 0.027 11:46:22.00
0 0 -24.1 -20.3 -0.492 0.492 -13.1 -21.3 -38.9 36.7156766 -4.4891601 0.00 357.83 0.41 0.027 11:46:22.10
0 0 -24.1 -20.3 0.123 -0.123 -12.9 -21.4 -39.0 36.7156766 -4.4891601 0.00 357.83 0.41 0.027 11:46:22.20
0 0 -24.1 -20.3 -0.984 -1.845 -13.1 -21.9 -38.7 36.7156766 -4.4891601 0.00 357.83 0.41 0.027 11:46:22.31
0 0 -24.1 -20.3 0.861 -0.738 -13.0 -21.7 -38.9 36.7156765 -4.4891600 0.00 171.78 0.16 0.027 11:46:22.40
0 0 -24.1 -20.3 -0.123 0.492 -12.9 -21.6 -39.0 36.7156765 -4.4891600 0.00 43.85 0.07 0.027 11:46:22.51
0 0 -24.1 -20.3 0.615 -0.123 -13.0 -21.8 -38.8 36.7156765 -4.4891600 0.00 43.85 0.07 0.027 11:46:22.60
0 0 -24.1 -20.3 -0.246 0.123 -13.0 -21.7 -38.9 36.7156766 -4.4891600 0.00 313.27 0.08 0.027 11:46:22.70
0 0 -24.1 -20.3 0.492 0.369 -13.0 -21.7 -39.0 36.7156766 -4.4891600 0.00 313.27 0.08 0.027 11:46:22.81
0 0 -24.1 -20.3 -0.615 0.123 -13.0 -21.8 -39.0 36.7156766 -4.4891600 0.00 185.05 0.04 0.027 11:46:22.90
0 0 -24.1 -20.3 -0.738 -0.492 -13.0 -21.6 -39.1 36.7156766 -4.4891600 0.00 185.05 0.04 0.027 11:46:23.01
0 0 -24.1 -20.3 -0.246 0.246 -13.0 -21.7 -39.1 36.7156765 -4.4891600 0.00 168.15 0.02 0.027 11:46:23.10
0 0 -24.1 -20.3 0.123 -0.123 -13.0 -21.7 -39.1 36.7156765 -4.4891600 0.00 168.15 0.02 0.027 11:46:23.20
0 0 -24.1 -20.3 -0.861 -0.246 -12.9 -21.7 -39.2 36.7156765 -4.4891600 0.00 168.15 0.02 0.027 11:46:23.31
0 0 -24.1 -20.3 -0.615 -0.492 -13.0 -21.7 -39.2 36.7156766 -4.4891601 0.00 338.85 0.09 0.027 11:46:23.40
0 0 -24.1 -20.3 -0.123 -0.123 -13.0 -21.7 -39.2 36.7156766 -4.4891601 0.00 190.86 0.02 0.027 11:46:23.51
0 0 -24.1 -20.3 -0.615 -0.246 -12.9 -21.7 -39.2 36.7156766 -4.4891601 0.00 190.86 0.02 0.027 11:46:23.60
0 0 -24.1 -20.3 -0.615 -0.492 -12.9 -21.7 -39.3 36.7156766 -4.4891601 0.00 193.16 0.06 0.027 11:46:23.71
0 0 -24.1 -20.3 -0.246 -0.369 -12.9 -21.7 -39.3 36.7156766 -4.4891601 0.00 193.16 0.06 0.027 11:46:23.81
0 0 -24.1 -20.3 -0.615 -0.123 -12.9 -21.7 -39.3 36.7156766 -4.4891601 0.00 82.47 0.05 0.027 11:46:23.90
0 0 -24.1 -20.3 0.000 0.123 -12.9 -21.7 -39.3 36.7156766 -4.4891601 0.00 82.47 0.05 0.027 11:46:24.01
0 0 -24.1 -20.3 0.000 -0.861 -12.9 -21.7 -39.4 36.7156766 -4.4891601 0.00 299.92 0.05 0.027 11:46:24.10
0 0 -24.1 -20.3 -0.369 -0.246 -12.9 -21.7 -39.4 36.7156766 -4.4891601 0.00 299.92 0.05 0.027 11:46:24.21
0 0 -24.1 -20.3 -0.492 -0.246 -12.9 -21.7 -39.4 36.7156766 -4.4891601 0.00 299.92 0.05 0.027 11:46:24.31
0 0 -24.1 -20.3 -0.369 -0.123 -12.9 -21.7 -39.5 36.7156766 -4.4891601 0.00 201.24 0.02 0.027 11:46:24.42
0 0 -24.1 -20.3 -0.246 0.123 -12.9 -21.7 -39.5 36.7156766 -4.4891601 0.00 285.44 0.02 0.027 11:46:24.51
0 0 -24.1 -20.3 -0.492 0.615 -12.9 -21.7 -39.5 36.7156766 -4.4891601 0.00 285.44 0.02 0.027 11:46:24.60
0 0 -24.1 -20.3 -0.123 0.246 -12.9 -21.7 -39.6 36.7156766 -4.4891601 0.00 126.31 0.03 0.027 11:46:24.71
0 0 -24.1 -20.3 -0.246 -0.492 -12.9 -21.7 -39.6 36.7156766 -4.4891601 0.00 126.31 0.03 0.027 11:46:24.81
0 0 0.0 0.0 -0.369 -0.492 -12.9 -21.7 -39.6 36.7156766 -4.4891601 0.00 249.85 0.03 0.027 11:46:24.92
0 0 0.0 0.0 0.246 -0.123 -12.9 -21.7 -39.6 36.7156766 -4.4891601 0.00 249.85 0.03 0.027 11:46:25.01
0 0 0.0 0.0 0.000 -0.738 -12.9 -21.7 -39.7 36.7156766 -4.4891601 0.00 53.68 0.09 0.027 11:46:25.12
0 0 0.0 0.0 -0.492 -0.369 -12.9 -21.7 -39.7 36.7156766 -4.4891601 0.00 53.68 0.09 0.027 11:46:25.21
0 0 0.0 0.0 -0.984 0.246 -12.9 -21.7 -39.8 36.7156766 -4.4891601 0.00 53.68 0.09 0.027 11:46:25.31
0 0 0.0 0.0 -0.369 0.000 -12.9 -21.7 -39.8 36.7156766 -4.4891601 0.00 226.99 0.12 0.028 11:46:25.42
0 0 0.0 0.0 -0.615 0.000 -12.9 -21.7 -39.8 36.7156766 -4.4891602 0.00 356.49 0.06 0.028 11:46:25.51
0 0 0.0 0.0 -0.246 -0.246 -12.9 -21.7 -39.8 36.7156766 -4.4891602 0.00 356.49 0.06 0.028 11:46:25.62
0 0 0.0 0.0 -0.369 -0.123 -12.9 -21.7 -39.8 36.7156766 -4.4891601 0.00 132.34 0.05 0.028 11:46:25.71
0 0 0.0 0.0 0.000 0.123 -12.9 -21.7 -39.9 36.7156766 -4.4891601 0.00 132.34 0.05 0.028 11:46:25.82
0 0 0.0 0.0 -0.123 0.123 -12.9 -21.7 -39.9 36.7156766 -4.4891601 0.00 355.28 0.04 0.028 11:46:25.92
0 0 0.0 0.0 -0.123 -0.246 -12.9 -21.7 -40.0 36.7156766 -4.4891601 0.00 355.28 0.04 0.028 11:46:26.01
0 0 0.0 0.0 -0.246 0.000 -12.9 -21.7 -40.0 36.7156766 -4.4891601 0.00 220.74 0.02 0.028 11:46:26.12
0 0 0.0 0.0 -0.492 -0.492 -12.9 -21.7 -40.0 36.7156766 -4.4891601 0.00 220.74 0.02 0.028 11:46:26.21
0 0 0.0 0.0 -0.123 0.000 -12.9 -21.7 -40.0 36.7156766 -4.4891601 0.00 220.74 0.02 0.028 11:46:26.32
0 0 0.0 0.0 0.000 -0.246 -12.9 -21.7 -40.0 36.7156766 -4.4891601 0.00 34.25 0.02 0.028 11:46:26.42
0 0 0.0 0.0 -0.369 0.000 -12.9 -21.7 -40.1 36.7156766 -4.4891601 0.00 60.24 0.02 0.028 11:46:26.51
0 0 0.0 0.0 -0.738 -0.492 -12.9 -21.8 -40.1 36.7156766 -4.4891601 0.00 60.24 0.02 0.028 11:46:26.62
0 0 0.0 0.0 0.246 -0.369 -12.8 -21.8 -40.1 36.7156766 -4.4891601 0.00 206.57 0.06 0.028 11:46:26.71
0 0 0.0 0.0 -0.861 0.492 -12.8 -21.8 -40.1 36.7156766 -4.4891601 0.00 206.57 0.06 0.028 11:46:26.82
0 0 0.0 0.0 -0.369 -0.861 -12.8 -21.8 -40.2 36.7156766 -4.4891601 0.00 27.91 0.06 0.028 11:46:26.92
0 0 0.0 0.0 -0.369 0.000 -12.8 -21.8 -40.2 36.7156766 -4.4891601 0.00 27.91 0.06 0.028 11:46:27.03
0 0 0.0 0.0 -0.123 0.492 -12.8 -21.8 -40.2 36.7156766 -4.4891601 0.00 224.46 0.09 0.028 11:46:27.12
0 0 0.0 0.0 -0.246 0.000 -12.8 -21.8 -40.2 36.7156766 -4.4891601 0.00 224.46 0.09 0.028 11:46:27.21
0 0 0.0 0.0 -0.492 -0.246 -12.8 -21.8 -40.2 36.7156766 -4.4891601 0.00 224.46 0.09 0.028 11:46:27.32
0 0 0.0 0.0 0.246 0.000 -12.8 -21.8 -40.3 36.7156766 -4.4891602 0.00 263.86 0.02 0.028 11:46:27.42
0 0 0.0 0.0 -0.369 -0.615 -12.8 -21.8 -40.3 36.7156766 -4.4891602 0.00 62.00 0.05 0.028 11:46:27.53
0 0 0.0 0.0 -0.369 -0.123 -12.8 -21.8 -40.3 36.7156766 -4.4891602 0.00 62.00 0.05 0.028 11:46:27.62
0 0 0.0 0.0 -0.246 -0.492 -12.8 -21.8 -40.3 36.7156766 -4.4891602 0.00 233.74 0.02 0.028 11:46:27.71
0 0 0.0 0.0 -0.369 0.369 -12.8 -21.8 -40.3 36.7156766 -4.4891602 0.00 233.74 0.02 0.028 11:46:27.82
0 0 0.0 0.0 0.123 -0.369 -12.8 -21.8 -40.3 36.7156766 -4.4891602 0.00 302.21 0.06 0.028 11:46:27.92
0 0 0.0 0.0 0.369 0.369 -12.8 -21.8 -40.3 36.7156766 -4.4891602 0.00 302.21 0.06 0.028 11:46:28.03
0 0 0.0 0.0 -0.615 -0.246 -12.8 -21.8 -40.4 36.7156766 -4.4891602 0.00 93.55 0.03 0.028 11:46:28.12
0 0 0.0 0.0 0.246 -0.369 -12.8 -21.8 -40.4 36.7156766 -4.4891602 0.00 93.55 0.03 0.028 11:46:28.23
0 0 0.0 0.0 -0.369 0.369 -12.8 -21.8 -40.4 36.7156766 -4.4891602 0.00 93.55 0.03 0.028 11:46:28.32
0 0 0.0 0.0 0.123 -0.246 -12.8 -21.8 -40.4 36.7156766 -4.4891601 0.00 85.80 0.06 0.028 11:46:28.42
0 0 0.0 0.0 0.000 -0.246 -12.8 -21.8 -40.5 36.7156766 -4.4891602 0.00 258.09 0.05 0.028 11:46:28.53
0 0 0.0 0.0 -1.107 0.123 -12.8 -21.8 -40.5 36.7156766 -4.4891602 0.00 258.09 0.05 0.028 11:46:28.62
0 0 0.0 0.0 0.123 -0.615 -12.8 -21.8 -40.5 36.7156766 -4.4891602 0.00 127.77 0.02 0.028 11:46:28.73
0 0 0.0 0.0 -0.123 0.246 -12.8 -21.8 -40.5 36.7156766 -4.4891602 0.00 127.77 0.02 0.028 11:46:28.82
0 0 0.0 0.0 0.123 0.246 -12.8 -21.8 -40.5 36.7156766 -4.4891602 0.00 20.27 0.01 0.028 11:46:28.92
0 0 0.0 0.0 -0.246 -0.492 -12.8 -21.8 -40.5 36.7156766 -4.4891602 0.00 20.27 0.01 0.028 11:46:29.03
0 0 0.0 0.0 0.123 -0.246 -12.8 -21.8 -40.6 36.7156766 -4.4891602 0.00 193.52 0.07 0.028 11:46:29.12
0 0 0.0 0.0 -0.123 -0.123 -12.8 -21.9 -40.6 36.7156766 -4.4891602 0.00 193.52 0.07 0.028 11:46:29.23
0 0 0.0 0.0 -0.369 0.492 -12.8 -21.9 -40.6 36.7156766 -4.4891602 0.00 193.52 0.07 0.028 11:46:29.32
0 0 0.0 0.0 -0.246 0.000 -12.8 -21.9 -40.6 36.7156766 -4.4891602 0.00 11.26 0.06 0.028 11:46:29.43
0 0 0.0 0.0 -0.246 0.000 -12.8 -21.9 -40.6 36.7156766 -4.4891602 0.00 166.07 0.02 0.028 11:46:29.53
0 0 0.0 0.0 -0.246 0.000 -12.8 -21.9 -40.6 36.7156766 -4.4891602 0.00 166.07 0.02 0.028 11:46:29.62
0 0 0.0 0.0 -0.738 0.246 -12.8 -21.9 -40.7 36.7156766 -4.4891602 0.00 280.07 0.04 0.028 11:46:29.73
0 0 0.0 0.0 -0.123 0.369 -12.8 -21.9 -40.7 36.7156766 -4.4891602 0.00 280.07 0.04 0.028 11:46:29.82
0 0 0.0 0.0 -0.123 0.369 -12.8 -21.9 -40.7 36.7156766 -4.4891602 0.00 239.95 0.02 0.028 11:46:29.93
0 0 0.0 0.0 0.000 -0.246 -12.8 -21.9 -40.7 36.7156766 -4.4891602 0.00 239.95 0.02 0.028 11:46:30.03
0 0 0.0 0.0 0.246 0.123 -12.8 -21.9 -40.7 36.7156766 -4.4891602 0.00 117.41 0.07 0.028 11:46:30.12
0 0 0.0 0.0 -0.369 0.000 -12.8 -21.9 -40.8 36.7156766 -4.4891602 0.00 117.41 0.07 0.028 11:46:30.23
0 0 0.0 0.0 0.369 0.000 -12.8 -21.9 -40.8 36.7156766 -4.4891602 0.00 117.41 0.07 0.028 11:46:30.32
0 0 0.0 0.0 -0.492 -0.738 -12.8 -21.9 -40.8 36.7156766 -4.4891602 0.00 284.28 0.07 0.028 11:46:30.43
0 0 0.0 0.0 -0.492 -0.738 -12.8 -21.9 -40.8 36.7156766 -4.4891602 0.00 38.37 0.06 0.028 11:46:30.53
0 0 0.0 0.0 0.123 -0.492 -12.8 -21.9 -40.8 36.7156766 -4.4891602 0.00 38.37 0.06 0.028 11:46:30.64
0 0 0.0 0.0 -0.246 -0.369 -12.8 -21.9 -40.8 36.7156766 -4.4891602 0.00 21.19 0.00 0.028 11:46:30.73
0 0 0.0 0.0 -0.861 -0.369 -12.8 -21.9 -40.8 36.7156766 -4.4891602 0.00 21.19 0.00 0.028 11:46:30.82
0 0 0.0 0.0 -0.861 -0.369 -12.8 -21.9 -40.8 36.7156766 -4.4891602 0.00 166.90 0.08 0.028 11:46:30.93
0 0 0.0 0.0 -0.369 0.246 -12.8 -21.9 -40.8 36.7156766 -4.4891602 0.00 166.90 0.08 0.028 11:46:31.03
0 0 0.0 0.0 -0.615 -0.123 -12.8 -21.9 -40.8 36.7156766 -4.4891602 0.00 310.50 0.05 0.028 11:46:31.14
0 0 0.0 0.0 0.000 -0.738 -12.8 -21.9 -40.9 36.7156766 -4.4891602 0.00 310.50 0.05 0.028 11:46:31.23
0 0 0.0 0.0 -0.861 0.369 -12.8 -21.9 -40.9 36.7156766 -4.4891602 0.00 310.50 0.05 0.028 11:46:31.32
0 0 0.0 0.0 0.615 -0.123 -12.8 -21.9 -40.9 36.7156765 -4.4891602 0.00 171.82 0.08 0.028 11:46:31.43
0 0 0.0 0.0 0.246 0.000 -12.8 -21.9 -40.9 36.7156765 -4.4891602 0.00 337.97 0.07 0.028 11:46:31.53
0 0 0.0 0.0 0.369 0.246 -12.8 -21.9 -40.9 36.7156765 -4.4891602 0.00 337.97 0.07 0.028 11:46:31.64
0 0 0.0 0.0 -0.123 0.123 -12.8 -21.9 -40.9 36.7156766 -4.4891602 0.00 50.98 0.08 0.028 11:46:31.73
0 0 0.0 0.0 -0.984 -0.369 -12.8 -21.9 -40.9 36.7156766 -4.4891602 0.00 50.98 0.08 0.028 11:46:31.84
0 0 0.0 0.0 -0.246 0.123 -12.7 -21.9 -40.9 36.7156765 -4.4891602 0.00 224.97 0.12 0.028 11:46:31.93
0 0 0.0 0.0 -0.492 0.000 -12.7 -21.9 -40.9 36.7156765 -4.4891602 0.00 224.97 0.12 0.028 11:46:32.03
0 0 0.0 0.0 -0.246 -0.246 -12.8 -21.9 -40.9 36.7156766 -4.4891602 0.00 34.35 0.14 0.028 11:46:32.14
0 0 0.0 0.0 -0.246 -0.615 -12.7 -21.9 -40.9 36.7156766 -4.4891602 0.00 34.35 0.14 0.028 11:46:32.23
0 0 0.0 0.0 -0.492 0.000 -12.8 -21.9 -41.0 36.7156766 -4.4891602 0.00 34.35 0.14 0.028 11:46:32.34
0 0 0.0 0.0 -0.861 0.000 -12.8 -21.9 -41.0 36.7156766 -4.4891602 0.00 191.50 0.11 0.028 11:46:32.43
0 0 0.0 0.0 -0.369 -0.492 -12.8 -21.9 -41.0 36.7156766 -4.4891602 0.00 358.93 0.09 0.028 11:46:32.53
0 0 0.0 0.0 0.000 -0.492 -12.8 -21.9 -41.0 36.7156766 -4.4891602 0.00 358.93 0.09 0.028 11:46:32.64
0 0 0.0 0.0 0.123 -0.123 -12.8 -21.9 -41.0 36.7156766 -4.4891602 0.00 194.57 0.09 0.028 11:46:32.73
0 0 0.0 0.0 0.000 -0.369 -12.8 -21.9 -41.0 36.7156766 -4.4891602 0.00 194.57 0.09 0.028 11:46:32.84
0 0 0.0 0.0 0.000 0.369 -12.7 -21.9 -41.0 36.7156765 -4.4891602 0.00 187.14 0.06 0.028 11:46:32.93
0 0 0.0 0.0 0.369 -0.123 -12.8 -21.9 -41.0 36.7156765 -4.4891602 0.00 187.14 0.06 0.028 11:46:33.04
0 0 0.0 0.0 -0.123 -0.246 -12.8 -21.9 -41.0 36.7156766 -4.4891602 0.00 7.75 0.11 0.028 11:46:33.14
0 0 0.0 0.0 -0.123 -0.369 -12.7 -21.9 -41.0 36.7156766 -4.4891602 0.00 7.75 0.11 0.028 11:46:33.23
0 0 0.0 0.0 -0.369 -0.246 -12.7 -21.9 -41.0 36.7156765 -4.4891602 0.00 214.74 0.04 0.028 11:46:33.34
0 0 0.0 0.0 -0.492 0.123 -12.7 -21.9 -41.0 36.7156765 -4.4891602 0.00 214.74 0.04 0.028 11:46:33.43
0 0 0.0 0.0 -0.123 0.615 -12.7 -21.9 -41.0 36.7156765 -4.4891602 0.00 99.77 0.03 0.028 11:46:33.54
0 0 0.0 0.0 -0.369 -0.123 -12.7 -21.9 -41.0 36.7156765 -4.4891602 0.00 99.77 0.03 0.028 11:46:33.64
0 0 0.0 0.0 -0.123 -0.369 -12.7 -21.9 -41.0 36.7156765 -4.4891602 0.00 123.69 0.02 0.028 11:46:33.75
0 0 0.0 0.0 0.738 0.246 -12.7 -21.9 -41.0 36.7156765 -4.4891602 0.00 123.69 0.02 0.028 11:46:33.84
0 0 0.0 0.0 -0.123 0.123 -12.7 -21.9 -41.1 36.7156766 -4.4891602 0.00 320.01 0.05 0.028 11:46:33.93
0 0 0.0 0.0 -0.615 -0.246 -12.7 -21.8 -41.1 36.7156766 -4.4891602 0.00 320.01 0.05 0.028 11:46:34.04
0 0 0.0 0.0 -0.492 -0.615 -12.7 -21.8 -41.1 36.7156765 -4.4891602 0.00 225.56 0.08 0.028 11:46:34.14
0 0 0.0 0.0 -0.123 -0.246 -12.7 -21.9 -41.1 36.7156765 -4.4891602 0.00 225.56 0.08 0.028 11:46:34.25
0 0 0.0 0.0 -0.369 -0.246 -12.7 -21.9 -41.1 36.7156765 -4.4891602 0.00 49.13 0.06 0.028 11:46:34.34
0 0 0.0 0.0 -0.246 -0.369 -12.7 -21.9 -41.1 36.7156765 -4.4891602 0.00 49.13 0.06 0.028 11:46:34.43
0 0 0.0 0.0 -0.246 -0.492 -12.7 -21.9 -41.1 36.7156766 -4.4891602 0.00 281.17 0.04 0.028 11:46:34.54
0 0 0.0 0.0 -0.246 -0.492 -12.7 -21.9 -41.1 36.7156766 -4.4891602 0.00 281.17 0.04 0.028 11:46:34.64
0 0 0.0 0.0 -0.123 -0.492 -12.7 -21.8 -41.1 36.7156766 -4.4891602 0.00 86.67 0.05 0.028 11:46:34.75
0 0 0.0 0.0 0.000 -0.246 -12.7 -21.8 -41.1 36.7156766 -4.4891602 0.00 86.67 0.05 0.028 11:46:34.84
0 0 0.0 0.0 -0.492 -0.861 -12.7 -21.8 -41.1 36.7156766 -4.4891602 0.00 280.38 0.03 0.028 11:46:34.93
0 0 0.0 0.0 -0.123 -0.246 -12.7 -21.8 -41.1 36.7156766 -4.4891602 0.00 280.38 0.03 0.028 11:46:35.04
0 0 0.0 0.0 -0.246 0.123 -12.7 -21.8 -41.1 36.7156766 -4.4891602 0.00 56.04 0.01 0.028 11:46:35.14
0 0 0.0 0.0 0.123 -0.615 -12.7 -21.8 -41.1 36.7156766 -4.4891602 0.00 56.04 0.01 0.028 11:46:35.25
0 0 0.0 0.0 -0.615 0.000 -12.7 -21.8 -41.1 36.7156766 -4.4891602 0.00 227.61 0.01 0.028 11:46:35.34
0 0 0.0 0.0 -0.123 -0.615 -12.7 -21.9 -41.1 36.7156766 -4.4891602 0.00 227.61 0.01 0.028 11:46:35.45
0 0 0.0 0.0 0.000 0.123 -12.7 -21.9 -41.1 36.7156765 -4.4891602 0.00 148.76 0.09 0.028 11:46:35.54
0 0 0.0 0.0 -0.123 0.123 -12.7 -21.9 -41.1 36.7156765 -4.4891602 0.00 148.76 0.09 0.028 11:46:35.64
0 0 0.0 0.0 0.123 -0.123 -12.7 -21.9 -41.1 36.7156766 -4.4891602 0.00 342.27 0.16 0.028 11:46:35.75
0 0 0.0 0.0 -0.123 -0.246 -12.7 -21.9 -41.1 36.7156766 -4.4891602 0.00 342.27 0.16 0.028 11:46:35.84
0 0 0.0 0.0 0.000 -0.615 -12.7 -21.9 -41.2 36.7156766 -4.4891602 0.00 166.91 0.08 0.028 11:46:35.95
0 0 0.0 0.0 -0.246 -0.123 -12.7 -21.9 -41.2 36.7156766 -4.4891602 0.00 166.91 0.08 0.028 11:46:36.04
0 0 0.0 0.0 0.123 -0.369 -12.7 -21.9 -41.2 36.7156765 -4.4891602 0.00 210.28 0.11 0.028 11:46:36.14
0 0 0.0 0.0 -0.369 0.000 -12.7 -21.9 -41.2 36.7156765 -4.4891602 0.00 210.28 0.11 0.028 11:46:36.25
0 0 0.0 0.0 -0.369 -0.369 -12.7 -21.9 -41.2 36.7156765 -4.4891602 0.00 50.12 0.11 0.028 11:46:36.34
0 0 0.0 0.0 0.000 -0.369 -12.7 -21.9 -41.2 36.7156765 -4.4891602 0.00 50.12 0.11 0.028 11:46:36.45
0 0 0.0 0.0 -0.492 -0.369 -12.7 -21.9 -41.2 36.7156765 -4.4891602 0.00 272.88 0.07 0.028 11:46:36.54
0 0 0.0 0.0 -0.984 0.246 -12.7 -21.9 -41.2 36.7156765 -4.4891602 0.00 272.88 0.07 0.028 11:46:36.64
0 0 0.0 0.0 -0.246 -0.369 -12.7 -21.9 -41.2 36.7156765 -4.4891602 0.00 207.94 0.04 0.028 11:46:36.75
0 0 0.0 0.0 -0.492 -0.369 -12.7 -21.9 -41.2 36.7156765 -4.4891602 0.00 207.94 0.04 0.028 11:46:36.84
0 0 0.0 0.0 -0.123 -0.369 -12.7 -21.9 -41.2 36.7156765 -4.4891602 0.00 62.45 0.08 0.028 11:46:36.95
0 0 0.0 0.0 -0.615 -0.246 -12.7 -21.9 -41.2 36.7156765 -4.4891602 0.00 62.45 0.08 0.028 11:46:37.04
0 0 0.0 0.0 -0.369 0.000 -12.7 -21.9 -41.2 36.7156766 -4.4891602 0.00 267.57 0.04 0.028 11:46:37.15
0 0 0.0 0.0 0.000 -0.492 -12.7 -21.9 -41.2 36.7156766 -4.4891602 0.00 267.57 0.04 0.028 11:46:37.25
0 0 0.0 0.0 -0.369 0.000 -12.7 -21.9 -41.2 36.7156766 -4.4891602 0.00 352.45 0.01 0.029 11:46:37.34
0 0 0.0 0.0 -0.492 0.000 -12.7 -21.9 -41.2 36.7156766 -4.4891602 0.00 352.45 0.01 0.029 11:46:37.45
0 0 0.0 0.0 -0.246 0.246 -12.7 -22.0 -41.2 36.7156765 -4.4891602 0.00 193.09 0.04 0.029 11:46:37.54
0 0 0.0 0.0 0.000 -0.492 -12.7 -21.9 -41.2 36.7156765 -4.4891602 0.00 193.09 0.04 0.029 11:46:37.65
0 0 0.0 0.0 -0.738 -0.246 -12.7 -21.9 -41.2 36.7156765 -4.4891602 0.00 84.85 0.01 0.029 11:46:37.75
0 0 0.0 0.0 -0.246 0.123 -12.7 -21.9 -41.2 36.7156765 -4.4891602 0.00 84.85 0.01 0.029 11:46:37.85
0 0 0.0 0.0 -0.246 0.123 -12.7 -21.9 -41.2 36.7156766 -4.4891602 0.00 328.32 0.05 0.029 11:46:37.95
0 0 0.0 0.0 -0.369 -0.123 -12.7 -21.9 -41.2 36.7156766 -4.4891602 0.00 328.32 0.05 0.029 11:46:38.04
0 0 0.0 0.0 0.000 -0.492 -12.7 -21.9 -41.3 36.7156766 -4.4891602 0.00 107.46 0.05 0.029 11:46:38.15
0 0 0.0 0.0 -0.246 0.246 -12.7 -21.9 -41.3 36.7156766 -4.4891602 0.00 107.46 0.05 0.029 11:46:38.25
0 0 0.0 0.0 -0.492 -0.492 -12.7 -21.9 -41.3 36.7156766 -4.4891602 0.00 297.56 0.07 0.029 11:46:38.35
0 0 0.0 0.0 0.246 0.246 -12.7 -21.9 -41.3 36.7156766 -4.4891602 0.00 297.56 0.07 0.029 11:46:38.45
0 0 0.0 0.0 -0.492 -0.246 -12.7 -21.9 -41.3 36.7156765 -4.4891602 0.00 169.68 0.09 0.029 11:46:38.56
0 0 0.0 0.0 -0.369 -0.492 -12.7 -21.9 -41.3 36.7156765 -4.4891602 0.00 169.68 0.09 0.029 11:46:38.65
0 0 0.0 0.0 -0.123 -0.246 -12.7 -21.9 -41.3 36.7156766 -4.4891602 0.00 7.30 0.12 0.029 11:46:38.75
0 0 0.0 0.0 -0.369 0.000 -12.7 -21.9 -41.3 36.7156766 -4.4891602 0.00 7.30 0.12 0.029 11:46:38.85
0 0 0.0 0.0 -0.123 -0.615 -12.7 -21.9 -41.3 36.7156765 -4.4891602 0.00 181.72 0.12 0.029 11:46:38.95
0 0 0.0 0.0 -0.123 0.000 -12.7 -21.9 -41.3 36.7156765 -4.4891602 0.00 181.72 0.12 0.029 11:46:39.06
0 0 0.0 0.0 -0.492 0.123 -12.7 -21.9 -41.3 36.7156766 -4.4891602 0.00 359.04 0.06 0.029 11:46:39.15
0 0 0.0 0.0 0.123 -0.123 -12.7 -21.9 -41.3 36.7156766 -4.4891602 0.00 359.04 0.06 0.029 11:46:39.26
0 0 0.0 0.0 -0.369 0.000 -12.7 -21.9 -41.3 36.7156766 -4.4891602 0.00 174.51 0.02 0.029 11:46:39.35
0 0 0.0 0.0 -0.123 -0.369 -12.7 -21.9 -41.3 36.7156766 -4.4891602 0.00 174.51 0.02 0.029 11:46:39.45
0 0 0.0 0.0 0.000 -0.369 -12.7 -21.9 -41.3 36.7156766 -4.4891602 0.00 58.08 0.03 0.029 11:46:39.56
0 0 0.0 0.0 -0.123 -0.738 -12.7 -21.9 -41.3 36.7156766 -4.4891602 0.00 58.08 0.03 0.029 11:46:39.65
0 0 0.0 0.0 0.123 -0.123 -12.7 -21.9 -41.3 36.7156766 -4.4891602 0.00 291.51 0.04 0.029 11:46:39.76
0 0 0.0 0.0 0.123 -0.369 -12.7 -21.9 -41.3 36.7156766 -4.4891602 0.00 168.93 0.04 0.029 11:46:39.85
0 0 0.0 0.0 -0.246 -0.246 -12.7 -21.9 -41.3 36.7156766 -4.4891602 0.00 168.93 0.04 0.029 11:46:39.96
0 0 0.0 0.0 0.738 0.123 -12.7 -21.9 -41.3 36.7156766 -4.4891602 0.00 18.43 0.05 0.029 11:46:40.06
0 0 0.0 0.0 -0.123 -0.123 -12.7 -21.9 -41.3 36.7156766 -4.4891602 0.00 18.43 0.05 0.029 11:46:40.15
0 0 0.0 0.0 -0.369 0.246 -12.7 -21.9 -41.3 36.7156766 -4.4891602 0.00 18.43 0.05 0.029 11:46:40.26
0 0 0.0 0.0 -0.492 0.000 -12.7 -21.9 -41.3 36.7156856 -4.4891691 0.00 269.41 0.02 0.000 11:46:40.35
0 0 0.0 0.0 -0.492 0.000 -12.7 -21.9 -41.3 36.7156856 -4.4891691 0.00 11.87 0.03 0.000 11:46:40.46
0 0 0.0 0.0 -0.246 0.000 -12.7 -21.9 -41.3 36.7156856 -4.4891691 0.00 11.87 0.03 0.000 11:46:40.56
0 0 0.0 0.0 -0.492 -0.246 -12.7 -21.9 -41.3 36.7156856 -4.4891691 0.00 62.03 0.02 0.000 11:46:40.65
0 0 0.0 0.0 0.000 0.000 -12.7 -21.9 -41.3 36.7156856 -4.4891691 0.00 62.03 0.02 0.000 11:46:40.76
0 0 0.0 0.0 0.000 -0.738 -12.7 -21.9 -41.3 36.7156856 -4.4891691 0.00 185.93 0.04 0.000 11:46:40.85
0 0 0.0 0.0 -0.861 -0.492 -12.7 -21.9 -41.3 36.7156856 -4.4891691 0.00 185.93 0.04 0.000 11:46:40.96
0 0 0.0 0.0 0.246 0.369 -12.7 -21.9 -41.3 36.7156856 -4.4891691 0.00 315.02 0.02 0.000 11:46:41.06
0 0 0.0 0.0 -0.738 0.123 -12.7 -21.9 -41.3 36.7156856 -4.4891691 0.00 315.02 0.02 0.000 11:46:41.17
0 0 0.0 0.0 -0.246 -0.615 -12.7 -21.9 -41.3 36.7156856 -4.4891691 0.00 315.02 0.02 0.000 11:46:41.26
0 0 0.0 0.0 0.000 -0.615 -12.7 -21.9 -41.3 36.7156856 -4.4891691 0.00 347.43 0.12 0.000 11:46:41.35
0 0 0.0 0.0 0.246 -0.123 -12.7 -21.9 -41.3 36.7156856 -4.4891691 0.00 148.82 0.13 0.000 11:46:41.46
0 0 0.0 0.0 -0.369 -0.492 -12.7 -21.9 -41.3 36.7156856 -4.4891691 0.00 148.82 0.13 0.000 11:46:41.56
0 0 0.0 0.0 -0.492 0.246 -12.7 -21.9 -41.3 36.7156857 -4.4891691 0.00 344.63 0.13 0.000 11:46:41.67
0 0 0.0 0.0 0.123 0.000 -12.7 -21.9 -41.3 36.7156857 -4.4891691 0.00 344.63 0.13 0.000 11:46:41.76
0 0 0.0 0.0 0.000 -0.246 -12.7 -21.9 -41.3 36.7156856 -4.4891690 0.00 154.29 0.11 0.000 11:46:41.87
0 0 0.0 0.0 -0.738 -0.615 -12.7 -21.9 -41.4 36.7156856 -4.4891690 0.00 154.29 0.11 0.000 11:46:41.96
0 0 0.0 0.0 -0.246 0.000 -12.7 -21.9 -41.3 36.7156856 -4.4891690 0.00 338.20 0.03 0.000 11:46:42.06
0 0 0.0 0.0 0.246 -0.615 -12.8 -21.9 -41.3 36.7156856 -4.4891690 0.00 338.20 0.03 0.000 11:46:42.17
0 0 0.0 0.0 -0.369 -0.369 -12.7 -21.9 -41.3 36.7156856 -4.4891690 0.00 338.20 0.03 0.000 11:46:42.26
0 0 0.0 0.0 0.369 0.000 -12.7 -21.9 -41.3 36.7156856 -4.4891691 0.00 275.53 0.07 0.000 11:46:42.37
0 0 0.0 0.0 -0.246 -0.246 -12.7 -21.9 -41.3 36.7156856 -4.4891691 0.00 86.13 0.09 0.000 11:46:42.46
0 0 0.0 0.0 0.123 -0.123 -12.7 -21.9 -41.3 36.7156856 -4.4891691 0.00 86.13 0.09 0.000 11:46:42.57
0 0 0.0 0.0 -0.246 0.000 -12.7 -21.9 -41.3 36.7156856 -4.4891690 0.00 195.06 0.04 0.000 11:46:42.67
0 0 0.0 0.0 0.000 0.246 -12.7 -21.9 -41.3 36.7156856 -4.4891690 0.00 195.06 0.04 0.000 11:46:42.76
0 0 0.0 0.0 0.492 -0.492 -12.7 -21.9 -41.3 36.7156856 -4.4891691 0.00 340.19 0.07 0.000 11:46:42.87
0 0 0.0 0.0 0.123 -0.246 -12.7 -21.9 -41.3 36.7156856 -4.4891691 0.00 340.19 0.07 0.000 11:46:42.96
0 0 0.0 0.0 -0.615 -0.123 -12.7 -21.9 -41.3 36.7156856 -4.4891690 0.00 51.86 0.03 0.000 11:46:43.07
0 0 0.0 0.0 -0.123 -0.369 -12.8 -21.9 -41.3 36.7156856 -4.4891690 0.00 51.86 0.03 0.000 11:46:43.17
0 0 0.0 0.0 -0.492 -0.246 -12.8 -21.9 -41.3 36.7156856 -4.4891690 0.00 51.86 0.03 0.000 11:46:43.28
0 0 0.0 0.0 0.369 -0.369 -12.8 -21.9 -41.3 36.7156856 -4.4891690 0.00 175.84 0.03 0.000 11:46:43.37
0 0 0.0 0.0 0.000 0.000 -12.8 -21.9 -41.4 36.7156856 -4.4891690 0.00 327.68 0.03 0.000 11:46:43.46
0 0 0.0 0.0 -0.615 -0.246 -12.8 -21.9 -41.3 36.7156856 -4.4891690 0.00 327.68 0.03 0.000 11:46:43.57
0 0 0.0 0.0 -0.984 0.123 -12.8 -21.9 -41.4 36.7156856 -4.4891690 0.00 54.36 0.03 0.000 11:46:43.67
0 0 0.0 0.0 -0.369 -0.123 -12.8 -21.9 -41.4 36.7156856 -4.4891690 0.00 54.36 0.03 0.000 11:46:43.78
0 0 0.0 0.0 0.369 0.123 -12.8 -21.9 -41.4 36.7156856 -4.4891690 0.00 268.77 0.04 0.000 11:46:43.87
0 0 0.0 0.0 -0.123 -0.615 -12.8 -21.9 -41.4 36.7156856 -4.4891690 0.00 268.77 0.04 0.000 11:46:43.98
0 0 0.0 0.0 -0.615 -0.123 -12.8 -21.9 -41.4 36.7156856 -4.4891690 0.00 64.73 0.06 0.000 11:46:44.07
0 0 0.0 0.0 -0.492 -0.492 -12.8 -21.9 -41.4 36.7156856 -4.4891690 0.00 64.73 0.06 0.000 11:46:44.18
0 0 0.0 0.0 -0.123 -0.738 -12.8 -21.9 -41.4 36.7156856 -4.4891690 0.00 64.73 0.06 0.000 11:46:44.28
0 0 0.0 0.0 0.123 -0.615 -12.8 -21.9 -41.4 36.7156856 -4.4891690 0.00 222.42 0.02 0.000 11:46:44.37
0 0 0.0 0.0 0.246 -0.246 -12.8 -21.9 -41.4 36.7156856 -4.4891690 0.00 358.70 0.05 0.000 11:46:44.48
0 0 0.0 0.0 0.123 0.000 -12.8 -21.9 -41.4 36.7156856 -4.4891690 0.00 358.70 0.05 0.000 11:46:44.57
0 0 0.0 0.0 0.000 0.246 -12.8 -21.9 -41.4 36.7156856 -4.4891690 0.00 178.63 0.06 0.000 11:46:44.68
0 0 0.0 0.0 -0.492 -0.246 -12.8 -21.9 -41.4 36.7156856 -4.4891690 0.00 178.63 0.06 0.000 11:46:44.78
0 0 0.0 0.0 -0.861 -0.369 -12.8 -21.9 -41.4 36.7156856 -4.4891690 0.00 310.34 0.06 0.000 11:46:44.87
0 0 0.0 0.0 -0.615 0.123 -12.8 -21.9 -41.4 36.7156856 -4.4891690 0.00 310.34 0.06 0.000 11:46:44.98
0 0 0.0 0.0 -0.246 0.369 -12.8 -21.9 -41.4 36.7156856 -4.4891690 0.00 97.85 0.05 0.000 11:46:45.07
0 0 0.0 0.0 -0.615 -0.738 -12.8 -22.0 -41.4 36.7156856 -4.4891690 0.00 97.85 0.05 0.000 11:46:45.18
0 0 0.0 0.0 -0.369 -0.369 -12.8 -22.0 -41.4 36.7156856 -4.4891690 0.00 97.85 0.05 0.000 11:46:45.28
0 0 0.0 0.0 -0.123 0.123 -12.8 -22.0 -41.4 36.7156856 -4.4891690 0.00 324.73 0.01 0.000 11:46:45.39
0 0 0.0 0.0 0.246 0.123 -12.8 -22.0 -41.4 36.7156856 -4.4891690 0.00 281.59 0.02 0.000 11:46:45.48
0 0 0.0 0.0 0.000 0.123 -12.8 -22.0 -41.4 36.7156856 -4.4891690 0.00 281.59 0.02 0.000 11:46:45.57
0 0 0.0 0.0 0.000 -0.492 -12.8 -22.0 -41.4 36.7156856 -4.4891690 0.00 151.44 0.03 0.000 11:46:45.68
0 0 0.0 0.0 -0.246 -0.123 -12.8 -22.0 -41.4 36.7156856 -4.4891690 0.00 151.44 0.03 0.000 11:46:45.78
0 0 0.0 0.0 -0.861 -0.123 -12.8 -22.0 -41.4 36.7156856 -4.4891690 0.00 36.17 0.04 0.000 11:46:45.89
0 0 0.0 0.0 -0.246 -0.492 -12.8 -22.0 -41.4 36.7156856 -4.4891690 0.00 36.17 0.04 0.000 11:46:45.98
0 0 0.0 0.0 -0.738 0.246 -12.8 -22.0 -41.4 36.7156856 -4.4891690 0.00 280.75 0.03 0.000 11:46:46.09
0 0 0.0 0.0 -0.615 -0.369 -12.8 -22.0 -41.4 36.7156856 -4.4891690 0.00 280.75 0.03 0.000 11:46:46.18
0 0 0.0 0.0 0.246 -0.123 -12.8 -22.0 -41.4 36.7156856 -4.4891690 0.00 280.75 0.03 0.000 11:46:46.28
0 0 0.0 0.0 0.000 -0.246 -12.8 -22.0 -41.4 36.7156856 -4.4891690 0.00 11.85 0.04 0.000 11:46:46.39
0 0 0.0 0.0 0.000 0.123 -12.8 -22.0 -41.4 36.7156856 -4.4891690 0.00 302.82 0.04 0.000 11:46:46.48
0 0 0.0 0.0 0.246 -0.369 -12.8 -22.0 -41.4 36.7156856 -4.4891690 0.00 302.82 0.04 0.000 11:46:46.59
0 0 0.0 0.0 -0.492 -0.246 -12.8 -22.0 -41.4 36.7156856 -4.4891690 0.00 116.66 0.05 0.000 11:46:46.68
0 0 0.0 0.0 0.492 0.000 -12.8 -22.0 -41.4 36.7156856 -4.4891690 0.00 116.66 0.05 0.000 11:46:46.79
0 0 0.0 0.0 0.000 -0.246 -12.8 -22.0 -41.4 36.7156856 -4.4891690 0.00 197.26 0.02 0.000 11:46:46.89
0 0 0.0 0.0 0.123 0.123 -12.8 -22.0 -41.4 36.7156856 -4.4891690 0.00 197.26 0.02 0.000 11:46:46.98
0 0 0.0 0.0 0.369 -0.369 -12.8 -22.0 -41.4 36.7156857 -4.4891689 0.00 0.13 0.06 0.000 11:46:47.09
0 0 0.0 0.0 -0.861 -0.123 -12.7 -22.0 -41.4 36.7156857 -4.4891689 0.00 0.13 0.06 0.000 11:46:47.18
0 0 0.0 0.0 0.246 -0.369 -12.7 -22.0 -41.4 36.7156857 -4.4891689 0.00 0.13 0.06 0.000 11:46:47.29
0 0 0.0 0.0 -0.492 -0.246 -12.7 -22.0 -41.4 36.7156857 -4.4891689 0.00 180.93 0.02 0.000 11:46:47.39
0 0 0.0 0.0 -0.492 -0.246 -12.7 -22.0 -41.4 36.7156856 -4.4891689 0.00 176.49 0.06 0.000 11:46:47.50
0 0 0.0 0.0 -0.369 0.000 -12.7 -22.0 -41.4 36.7156856 -4.4891689 0.00 176.49 0.06 0.000 11:46:47.59
0 0 0.0 0.0 -0.492 -0.123 -12.7 -22.0 -41.4 36.7156856 -4.4891689 0.00 326.84 0.02 0.000 11:46:47.68
0 0 0.0 0.0 0.123 -0.246 -12.7 -22.0 -41.4 36.7156856 -4.4891689 0.00 326.84 0.02 0.000 11:46:47.79
0 0 0.0 0.0 0.246 -0.123 -12.7 -22.0 -41.4 36.7156856 -4.4891689 0.00 104.29 0.03 0.000 11:46:47.89
0 0 0.0 0.0 -0.246 -0.369 -12.7 -22.0 -41.4 36.7156856 -4.4891689 0.00 104.29 0.03 0.000 11:46:48.00
0 0 0.0 0.0 -0.369 -0.615 -12.7 -22.0 -41.4 36.7156857 -4.4891689 0.00 343.20 0.13 0.000 11:46:48.09
0 0 0.0 0.0 0.123 -0.246 -12.7 -22.0 -41.4 36.7156857 -4.4891689 0.00 343.20 0.13 0.000 11:46:48.18
0 0 0.0 0.0 -0.492 -0.246 -12.7 -22.0 -41.5 36.7156857 -4.4891689 0.00 343.20 0.13 0.000 11:46:48.29
0 0 0.0 0.0 -0.369 0.000 -12.7 -22.0 -41.5 36.7156856 -4.4891689 0.00 160.18 0.14 0.000 11:46:48.39
0 0 0.0 0.0 -0.492 0.000 -12.7 -22.0 -41.5 36.7156857 -4.4891689 0.00 348.83 0.13 0.000 11:46:48.50
0 0 0.0 0.0 0.123 -0.369 -12.7 -22.0 -41.5 36.7156857 -4.4891689 0.00 348.83 0.13 0.000 11:46:48.59
0 0 0.0 0.0 -0.738 -0.123 -12.7 -22.0 -41.5 36.7156857 -4.4891690 0.00 272.39 0.02 0.000 11:46:48.68
0 0 0.0 0.0 -0.369 -0.246 -12.7 -22.0 -41.5 36.7156857 -4.4891690 0.00 272.39 0.02 0.000 11:46:48.79
0 0 0.0 0.0 -0.861 -0.492 -12.7 -22.0 -41.5 36.7156857 -4.4891690 0.00 182.62 0.03 0.000 11:46:48.89
0 0 0.0 0.0 -0.246 -0.246 -12.6 -22.0 -41.5 36.7156857 -4.4891690 0.00 182.62 0.03 0.000 11:46:49.00
0 0 0.0 0.0 0.123 -0.123 -12.6 -22.0 -41.5 36.7156856 -4.4891690 0.00 190.07 0.04 0.000 11:46:49.09
0 0 0.0 0.0 -0.984 0.369 -12.6 -22.0 -41.5 36.7156856 -4.4891690 0.00 190.07 0.04 0.000 11:46:49.20
0 0 0.0 0.0 -0.123 -0.738 -12.6 -22.0 -41.5 36.7156856 -4.4891690 0.00 190.07 0.04 0.000 11:46:49.29
0 0 0.0 0.0 0.246 -0.246 -12.6 -22.0 -41.5 36.7156857 -4.4891689 0.00 17.20 0.13 0.000 11:46:49.39
0 0 0.0 0.0 0.123 -0.615 -12.6 -22.0 -41.5 36.7156857 -4.4891690 0.00 238.90 0.03 0.000 11:46:49.50
0 0 0.0 0.0 -0.246 -0.246 -12.6 -22.0 -41.5 36.7156857 -4.4891690 0.00 238.90 0.03 0.000 11:46:49.59
0 0 0.0 0.0 -0.369 -0.246 -12.6 -22.0 -41.5 36.7156857 -4.4891689 0.00 102.74 0.03 0.000 11:46:49.70
0 0 0.0 0.0 -0.492 0.000 -12.6 -22.0 -41.5 36.7156857 -4.4891689 0.00 102.74 0.03 0.000 11:46:49.79
0 0 0.0 0.0 -0.246 -0.246 -12.6 -22.0 -41.5 36.7156857 -4.4891690 0.00 244.41 0.07 0.000 11:46:49.89
0 0 0.0 0.0 0.123 0.738 -12.7 -22.0 -41.5 36.7156857 -4.4891690 0.00 244.41 0.07 0.000 11:46:50.00
0 0 0.0 0.0 0.246 -0.246 -12.7 -22.0 -41.4 36.7156857 -4.4891689 0.00 98.80 0.09 0.000 11:46:50.09
0 0 0.0 0.0 -0.123 -0.492 -12.7 -22.0 -41.4 36.7156857 -4.4891689 0.00 98.80 0.09 0.000 11:46:50.20
0 0 0.0 0.0 0.246 -0.123 -12.7 -22.0 -41.5 36.7156857 -4.4891689 0.00 98.80 0.09 0.000 11:46:50.29
0 0 0.0 0.0 0.123 -0.246 -12.7 -22.0 -41.5 36.7156857 -4.4891689 0.00 333.39 0.06 0.000 11:46:50.39
0 0 0.0 0.0 -0.123 -0.246 -12.7 -22.0 -41.5 36.7156857 -4.4891689 0.00 353.63 0.04 0.000 11:46:50.50
0 0 0.0 0.0 0.000 -0.123 -12.7 -22.0 -41.5 36.7156857 -4.4891689 0.00 353.63 0.04 0.000 11:46:50.59
0 0 0.0 0.0 -1.107 -0.369 -12.7 -22.0 -41.5 36.7156857 -4.4891689 0.00 215.42 0.04 0.000 11:46:50.70
0 0 0.0 0.0 0.246 -0.246 -12.7 -22.0 -41.5 36.7156857 -4.4891689 0.00 215.42 0.04 0.000 11:46:50.79
0 0 0.0 0.0 -0.246 -0.492 -12.7 -22.0 -41.5 36.7156857 -4.4891689 0.00 33.09 0.02 0.000 11:46:50.90
0 0 0.0 0.0 0.369 0.123 -12.7 -22.0 -41.5 36.7156857 -4.4891689 0.00 33.09 0.02 0.000 11:46:51.00
0 0 0.0 0.0 -0.246 -0.123 -12.7 -22.0 -41.5 36.7156857 -4.4891689 0.00 101.00 0.03 0.000 11:46:51.10
0 0 0.0 0.0 -0.123 0.123 -12.7 -21.9 -41.5 36.7156857 -4.4891689 0.00 101.00 0.03 0.000 11:46:51.20
0 0 0.0 0.0 0.123 -0.984 -12.7 -21.9 -41.5 36.7156857 -4.4891689 0.00 101.00 0.03 0.000 11:46:51.29
0 0 0.0 0.0 -0.615 0.369 -12.7 -21.9 -41.5 36.7156858 -4.4891689 0.00 327.92 0.09 0.000 11:46:51.40
0 0 0.0 0.0 -0.123 0.369 -12.7 -21.9 -41.5 36.7156857 -4.4891690 0.00 197.56 0.12 0.000 11:46:51.50
0 0 0.0 0.0 -0.369 0.000 -12.7 -21.9 -41.5 36.7156857 -4.4891690 0.00 197.56 0.12 0.000 11:46:51.60
0 0 0.0 0.0 -0.369 -0.123 -12.7 -22.0 -41.5 36.7156858 -4.4891689 0.00 40.47 0.11 0.000 11:46:51.70
0 0 0.0 0.0 -0.369 0.123 -12.7 -22.0 -41.5 36.7156858 -4.4891689 0.00 40.47 0.11 0.000 11:46:51.79
0 0 0.0 0.0 -0.738 0.246 -12.8 -22.0 -41.5 36.7156858 -4.4891689 0.00 5.92 0.06 0.000 11:46:51.90
0 0 0.0 0.0 -0.369 -0.615 -12.8 -22.0 -41.5 36.7156858 -4.4891689 0.00 5.92 0.06 0.000 11:46:52.00
0 0 0.0 0.0 -0.123 0.123 -12.8 -22.0 -41.5 36.7156858 -4.4891689 0.00 192.54 0.07 0.000 11:46:52.10
0 0 0.0 0.0 -0.246 0.492 -12.8 -22.0 -41.5 36.7156858 -4.4891689 0.00 192.54 0.07 0.000 11:46:52.20
0 0 0.0 0.0 -0.492 -0.123 -12.8 -21.9 -41.5 36.7156858 -4.4891689 0.00 192.54 0.07 0.000 11:46:52.29
0 0 0.0 0.0 -0.123 -0.369 -12.7 -21.9 -41.4 36.7156858 -4.4891689 0.00 60.45 0.02 0.000 11:46:52.40
0 0 0.0 0.0 0.000 0.123 -12.7 -21.9 -41.4 36.7156857 -4.4891689 0.00 228.04 0.01 0.000 11:46:52.50
0 0 0.0 0.0 -0.615 -0.492 -12.7 -21.9 -41.5 36.7156857 -4.4891689 0.00 228.04 0.01 0.000 11:46:52.60
0 0 0.0 0.0 0.246 0.246 -12.7 -21.9 -41.4 36.7156858 -4.4891689 0.00 8.76 0.08 0.000 11:46:52.70
0 0 0.0 0.0 -0.492 -0.369 -12.7 -22.0 -41.4 36.7156858 -4.4891689 0.00 8.76 0.08 0.000 11:46:52.79
0 0 0.0 0.0 -0.123 -0.123 -12.7 -22.0 -41.4 36.7156858 -4.4891689 0.00 256.68 0.03 0.000 11:46:52.90
0 0 0.0 0.0 0.492 -0.492 -12.7 -22.0 -41.4 36.7156858 -4.4891689 0.00 256.68 0.03 0.000 11:46:53.00
0 0 0.0 0.0 0.246 -0.246 -12.7 -22.0 -41.4 36.7156858 -4.4891689 0.00 178.77 0.04 0.000 11:46:53.10
0 0 0.0 0.0 -0.861 0.246 -12.7 -22.0 -41.4 36.7156858 -4.4891689 0.00 178.77 0.04 0.000 11:46:53.20
0 0 0.0 0.0 -0.369 0.369 -12.7 -22.0 -41.4 36.7156858 -4.4891689 0.00 178.77 0.04 0.000 11:46:53.31
0 0 0.0 0.0 0.123 -0.369 -12.7 -22.0 -41.4 36.7156858 -4.4891689 0.00 355.85 0.05 0.000 11:46:53.40
0 0 0.0 0.0 -0.246 0.246 -12.7 -22.0 -41.4 36.7156858 -4.4891689 0.00 171.49 0.08 0.000 11:46:53.50
0 0 0.0 0.0 0.123 0.492 -12.7 -22.0 -41.4 36.7156858 -4.4891689 0.00 171.49 0.08 0.000 11:46:53.60
0 0 0.0 0.0 0.000 -0.246 -12.7 -22.0 -41.4 36.7156858 -4.4891689 0.00 1.57 0.13 0.000 11:46:53.70
0 0 0.0 0.0 -0.369 -0.369 -12.7 -22.0 -41.4 36.7156858 -4.4891689 0.00 1.57 0.13 0.000 11:46:53.81
0 0 0.0 0.0 -0.492 -0.246 -12.7 -22.0 -41.4 36.7156859 -4.4891689 0.00 122.05 0.04 0.000 11:46:53.90
0 0 0.0 0.0 0.246 0.123 -12.7 -22.0 -41.4 36.7156859 -4.4891689 0.00 122.05 0.04 0.000 11:46:54.00
0 0 0.0 0.0 -0.492 -0.369 -12.7 -22.0 -41.4 36.7156858 -4.4891689 0.00 242.43 0.06 0.000 11:46:54.10
0 0 0.0 0.0 -0.615 -0.615 -12.7 -22.0 -41.4 36.7156858 -4.4891689 0.00 242.43 0.06 0.000 11:46:54.20
0 0 0.0 0.0 -0.615 0.000 -12.7 -22.0 -41.4 36.7156858 -4.4891689 0.00 242.43 0.06 0.000 11:46:54.31
0 0 0.0 0.0 -0.492 -0.246 -12.7 -22.0 -41.4 36.7156859 -4.4891689 0.00 42.00 0.06 0.000 11:46:54.40
0 0 0.0 0.0 -0.492 0.123 -12.7 -22.0 -41.4 36.7156859 -4.4891689 0.00 244.18 0.04 0.000 11:46:54.51
0 0 0.0 0.0 -0.369 0.000 -12.7 -22.0 -41.4 36.7156859 -4.4891689 0.00 244.18 0.04 0.000 11:46:54.60
0 0 0.0 0.0 0.000 0.246 -12.7 -22.0 -41.4 36.7156859 -4.4891689 0.00 32.67 0.05 0.000 11:46:54.70
0 0 0.0 0.0 -0.615 -0.123 -12.7 -22.0 -41.4 36.7156859 -4.4891689 0.00 32.67 0.05 0.000 11:46:54.81
0 0 0.0 0.0 -0.369 0.123 -12.7 -22.0 -41.4 36.7156859 -4.4891689 0.00 111.81 0.01 0.000 11:46:54.90
0 0 0.0 0.0 0.000 0.246 -12.7 -22.0 -41.4 36.7156859 -4.4891689 0.00 111.81 0.01 0.000 11:46:55.01
0 0 0.0 0.0 -0.246 -0.123 -12.7 -22.0 -41.4 36.7156859 -4.4891689 0.00 228.84 0.05 0.000 11:46:55.10
0 0 0.0 0.0 0.000 0.246 -12.7 -22.0 -41.4 36.7156859 -4.4891689 0.00 228.84 0.05 0.000 11:46:55.20
0 0 0.0 0.0 -0.123 -0.738 -12.7 -22.0 -41.3 36.7156859 -4.4891689 0.00 228.84 0.05 0.000 11:46:55.31
0 0 0.0 0.0 -0.369 0.492 -12.7 -22.1 -41.4 36.7156859 -4.4891689 0.00 13.21 0.03 0.000 11:46:55.40
0 0 0.0 0.0 -0.123 -0.246 -12.7 -22.1 -41.4 36.7156859 -4.4891689 0.00 194.41 0.08 0.000 11:46:55.51
0 0 0.0 0.0 -0.738 -0.246 -12.7 -22.1 -41.4 36.7156859 -4.4891689 0.00 194.41 0.08 0.000 11:46:55.60
0 0 0.0 0.0 -0.369 0.123 -12.7 -22.0 -41.4 36.7156860 -4.4891689 0.00 21.01 0.12 0.000 11:46:55.71
0 0 0.0 0.0 -0.369 -0.246 -12.7 -22.0 -41.4 36.7156860 -4.4891689 0.00 21.01 0.12 0.000 11:46:55.81
0 0 0.0 0.0 -0.369 0.000 -12.7 -22.0 -41.4 36.7156860 -4.4891689 0.00 276.51 0.05 0.000 11:46:55.90
0 0 0.0 0.0 0.000 0.000 -12.7 -22.0 -41.3 36.7156860 -4.4891689 0.00 276.51 0.05 0.000 11:46:56.01
0 0 0.0 0.0 -0.123 -0.615 -12.7 -22.0 -41.3 36.7156860 -4.4891689 0.00 92.90 0.04 0.000 11:46:56.10
0 0 0.0 0.0 -0.246 -0.369 -12.7 -22.0 -41.3 36.7156860 -4.4891689 0.00 92.90 0.04 0.000 11:46:56.21
0 0 0.0 0.0 -0.246 0.246 -12.7 -22.0 -41.3 36.7156860 -4.4891689 0.00 92.90 0.04 0.000 11:46:56.31
0 0 0.0 0.0 -0.369 -0.246 -12.7 -22.0 -41.3 36.7156860 -4.4891689 0.00 227.57 0.06 0.000 11:46:56.40
0 0 0.0 0.0 -0.738 0.615 -12.7 -22.0 -41.3 36.7156861 -4.4891689 0.00 14.07 0.12 0.000 11:46:56.51
0 0 0.0 0.0 -0.123 -0.123 -12.8 -22.0 -41.3 36.7156861 -4.4891689 0.00 14.07 0.12 0.000 11:46:56.60
0 0 0.0 0.0 -0.246 -0.246 -12.8 -22.0 -41.3 36.7156860 -4.4891688 0.00 147.16 0.08 0.000 11:46:56.71
0 0 0.0 0.0 0.000 0.246 -12.8 -22.0 -41.3 36.7156860 -4.4891688 0.00 147.16 0.08 0.000 11:46:56.81
0 0 0.0 0.0 -0.492 -0.369 -12.8 -22.0 -41.3 36.7156860 -4.4891688 0.00 250.78 0.04 0.000 11:46:56.92
0 0 0.0 0.0 -0.123 0.123 -12.8 -22.0 -41.3 36.7156860 -4.4891688 0.00 250.78 0.04 0.000 11:46:57.01
0 0 0.0 0.0 -0.492 -0.123 -12.8 -22.0 -41.3 36.7156861 -4.4891688 0.00 33.45 0.04 0.000 11:46:57.10
0 0 0.0 0.0 -0.615 -0.369 -12.8 -22.0 -41.3 36.7156861 -4.4891688 0.00 33.45 0.04 0.000 11:46:57.21
0 0 0.0 0.0 -0.492 -0.123 -12.8 -22.1 -41.3 36.7156861 -4.4891688 0.00 33.45 0.04 0.000 11:46:57.31
0 0 0.0 0.0 -0.246 -0.123 -12.7 -22.1 -41.3 36.7156861 -4.4891688 0.00 266.44 0.05 0.000 11:46:57.42
0 0 0.0 0.0 -0.369 -0.123 -12.7 -22.1 -41.3 36.7156861 -4.4891688 0.00 110.34 0.06 0.000 11:46:57.51
0 0 0.0 0.0 0.369 -0.246 -12.7 -22.1 -41.3 36.7156861 -4.4891688 0.00 110.34 0.06 0.000 11:46:57.60
0 0 0.0 0.0 -0.246 0.000 -12.8 -22.1 -41.3 36.7156861 -4.4891688 0.00 334.23 0.05 0.000 11:46:57.71
0 0 0.0 0.0 -0.984 -0.246 -12.8 -22.1 -41.3 36.7156861 -4.4891688 0.00 334.23 0.05 0.000 11:46:57.81
0 0 0.0 0.0 -0.123 -1.107 -12.8 -22.1 -41.3 36.7156861 -4.4891689 0.00 243.32 0.06 0.000 11:46:57.92
0 0 0.0 0.0 0.615 -0.246 -12.8 -22.1 -41.3 36.7156861 -4.4891689 0.00 243.32 0.06 0.000 11:46:58.01
0 0 0.0 0.0 -0.492 -0.369 -12.8 -22.1 -41.3 36.7156861 -4.4891688 0.00 54.42 0.11 0.000 11:46:58.10
0 0 0.0 0.0 -0.738 0.246 -12.8 -22.1 -41.3 36.7156861 -4.4891688 0.00 54.42 0.11 0.000 11:46:58.21
0 0 0.0 0.0 -0.492 0.000 -12.8 -22.1 -41.3 36.7156861 -4.4891688 0.00 54.42 0.11 0.000 11:46:58.31
0 0 0.0 0.0 -0.123 0.000 -12.8 -22.1 -41.3 36.7156861 -4.4891688 0.00 200.88 0.13 0.000 11:46:58.42
0 0 0.0 0.0 0.000 -0.123 -12.8 -22.1 -41.3 36.7156862 -4.4891688 0.00 6.11 0.16 0.000 11:46:58.51
0 0 0.0 0.0 -0.123 -0.492 -12.8 -22.1 -41.3 36.7156862 -4.4891688 0.00 6.11 0.16 0.000 11:46:58.62
0 0 0.0 0.0 -0.984 -0.492 -12.8 -22.1 -41.3 36.7156862 -4.4891688 0.00 199.80 0.08 0.000 11:46:58.71
0 0 0.0 0.0 -0.492 -0.246 -12.7 -22.1 -41.3 36.7156862 -4.4891688 0.00 199.80 0.08 0.000 11:46:58.81
0 0 0.0 0.0 -0.246 -0.369 -12.7 -22.1 -41.3 36.7156862 -4.4891688 0.00 78.41 0.06 0.000 11:46:58.92
0 0 0.0 0.0 -0.615 -0.738 -12.7 -22.1 -41.3 36.7156862 -4.4891688 0.00 78.41 0.06 0.000 11:46:59.01
0 0 0.0 0.0 0.369 -0.861 -12.7 -22.1 -41.3 36.7156862 -4.4891688 0.00 321.73 0.03 0.000 11:46:59.12
0 0 0.0 0.0 0.000 -0.246 -12.7 -22.1 -41.3 36.7156862 -4.4891688 0.00 321.73 0.03 0.000 11:46:59.21
0 0 0.0 0.0 0.123 0.000 -12.7 -22.0 -41.3 36.7156862 -4.4891688 0.00 321.73 0.03 0.000 11:46:59.31
0 0 0.0 0.0 -0.123 -0.123 -12.7 -22.0 -41.3 36.7156862 -4.4891688 0.00 192.36 0.02 0.000 11:46:59.42
0 0 0.0 0.0 0.000 0.000 -12.8 -22.1 -41.3 36.7156862 -4.4891688 0.00 336.88 0.05 0.000 11:46:59.51
0 0 0.0 0.0 0.000 0.123 -12.8 -22.1 -41.3 36.7156862 -4.4891688 0.00 336.88 0.05 0.000 11:46:59.62
0 0 0.0 0.0 -0.369 -0.369 -12.7 -22.1 -41.3 36.7156862 -4.4891688 0.00 327.75 0.00 0.000 11:46:59.71
0 0 0.0 0.0 -0.492 0.000 -12.8 -22.1 -41.3 36.7156862 -4.4891688 0.00 327.75 0.00 0.000 11:46:59.81
0 0 0.0 0.0 -0.246 -0.246 -12.8 -22.0 -41.3 36.7156862 -4.4891688 0.00 315.24 0.02 0.000 11:46:59.92
0 0 0.0 0.0 0.369 0.246 -12.8 -22.0 -41.3 36.7156862 -4.4891688 0.00 315.24 0.02 0.000 11:47:00.01
0 0 0.0 0.0 0.000 -0.492 -12.8 -22.0 -41.3 36.7156862 -4.4891688 0.00 154.06 0.05 0.000 11:47:00.12
0 0 0.0 0.0 -0.246 -0.246 -12.8 -22.1 -41.3 36.7156862 -4.4891688 0.00 154.06 0.05 0.000 11:47:00.21
0 0 0.0 0.0 0.123 -0.369 -12.8 -22.1 -41.3 36.7156862 -4.4891688 0.00 154.06 0.05 0.000 11:47:00.32
0 0 0.0 0.0 -0.246 -0.123 -12.8 -22.1 -41.3 36.7156863 -4.4891688 0.00 8.81 0.10 0.000 11:47:00.42
0 0 0.0 0.0 -0.492 -0.861 -12.8 -22.1 -41.3 36.7156862 -4.4891688 0.00 185.55 0.08 0.000 11:47:00.51
0 0 0.0 0.0 -0.369 -0.246 -12.8 -22.1 -41.3 36.7156862 -4.4891688 0.00 185.55 0.08 0.000 11:47:00.62
0 0 0.0 0.0 0.000 0.000 -12.8 -22.1 -41.3 36.7156862 -4.4891688 0.00 322.96 0.05 0.000 11:47:00.71
0 0 0.0 0.0 0.123 -0.369 -12.8 -22.1 -41.3 36.7156862 -4.4891688 0.00 322.96 0.05 0.000 11:47:00.82
0 0 0.0 0.0 -0.123 0.123 -12.8 -22.1 -41.3 36.7156862 -4.4891688 0.00 70.59 0.02 0.000 11:47:00.92
0 0 0.0 0.0 -0.984 -0.492 -12.8 -22.1 -41.3 36.7156862 -4.4891688 0.00 70.59 0.02 0.000 11:47:01.01
0 0 0.0 0.0 0.123 0.123 -12.8 -22.1 -41.3 36.7156863 -4.4891688 0.00 38.31 0.06 0.000 11:47:01.12
0 0 0.0 0.0 0.000 0.492 -12.8 -22.0 -41.3 36.7156863 -4.4891688 0.00 38.31 0.06 0.000 11:47:01.21
0 0 0.0 0.0 -0.369 -0.369 -12.8 -22.0 -41.3 36.7156863 -4.4891688 0.00 38.31 0.06 0.000 11:47:01.32
0 0 0.0 0.0 -0.246 -0.246 -12.8 -22.0 -41.3 36.7156862 -4.4891688 0.00 215.44 0.04 0.000 11:47:01.42
0 0 0.0 0.0 0.000 -0.369 -12.8 -22.0 -41.3 36.7156862 -4.4891688 0.00 264.09 0.03 0.000 11:47:01.53
0 0 0.0 0.0 -0.492 0.246 -12.8 -22.0 -41.3 36.7156862 -4.4891688 0.00 264.09 0.03 0.000 11:47:01.62
0 0 0.0 0.0 -0.369 -0.492 -12.8 -22.1 -41.3 36.7156862 -4.4891688 0.00 149.59 0.03 0.000 11:47:01.71
0 0 0.0 0.0 0.123 0.123 -12.8 -22.1 -41.3 36.7156862 -4.4891688 0.00 149.59 0.03 0.000 11:47:01.82
0 0 0.0 0.0 0.246 -0.123 -12.8 -22.1 -41.3 36.7156862 -4.4891688 0.00 24.67 0.09 0.000 11:47:01.92
0 0 0.0 0.0 0.000 0.246 -12.8 -22.1 -41.3 36.7156862 -4.4891688 0.00 24.67 0.09 0.000 11:47:02.03
0 0 0.0 0.0 0.123 0.246 -12.8 -22.1 -41.3 36.7156862 -4.4891688 0.00 232.41 0.02 0.000 11:47:02.12
0 0 0.0 0.0 -0.492 -0.123 -12.8 -22.1 -41.3 36.7156862 -4.4891688 0.00 232.41 0.02 0.000 11:47:02.23
0 0 0.0 0.0 0.000 0.123 -12.8 -22.1 -41.3 36.7156862 -4.4891688 0.00 232.41 0.02 0.000 11:47:02.32
0 0 0.0 0.0 -0.246 -0.492 -12.8 -22.1 -41.3 36.7156863 -4.4891688 0.00 11.52 0.07 0.000 11:47:02.42
0 0 0.0 0.0 -0.369 0.369 -12.8 -22.1 -41.3 36.7156862 -4.4891688 0.00 212.10 0.10 0.000 11:47:02.53
0 0 0.0 0.0 -0.246 -0.246 -12.8 -22.1 -41.3 36.7156862 -4.4891688 0.00 212.10 0.10 0.000 11:47:02.62
0 0 0.0 0.0 -0.492 -0.615 -12.8 -22.1 -41.3 36.7156863 -4.4891688 0.00 13.20 0.11 0.000 11:47:02.73
0 0 0.0 0.0 -0.246 -0.246 -12.8 -22.1 -41.3 36.7156863 -4.4891688 0.00 13.20 0.11 0.000 11:47:02.82
0 0 0.0 0.0 0.123 -0.861 -12.8 -22.1 -41.3 36.7156862 -4.4891688 0.00 165.32 0.06 0.000 11:47:02.93
0 0 0.0 0.0 0.369 0.492 -12.8 -22.1 -41.3 36.7156862 -4.4891688 0.00 165.32 0.06 0.000 11:47:03.03
0 0 0.0 0.0 -0.246 0.123 -12.8 -22.1 -41.3 36.7156862 -4.4891688 0.00 238.34 0.05 0.000 11:47:03.12
0 0 0.0 0.0 -0.369 0.123 -12.8 -22.1 -41.3 36.7156862 -4.4891688 0.00 238.34 0.05 0.000 11:47:03.23
0 0 0.0 0.0 -0.123 0.123 -12.8 -22.1 -41.3 36.7156862 -4.4891688 0.00 238.34 0.05 0.000 11:47:03.32
0 0 0.0 0.0 -0.738 0.000 -12.8 -22.1 -41.3 36.7156863 -4.4891688 0.00 31.59 0.11 0.000 11:47:03.43
0 0 0.0 0.0 0.000 -0.369 -12.8 -22.1 -41.3 36.7156863 -4.4891688 0.00 266.53 0.04 0.000 11:47:03.53
0 0 0.0 0.0 0.000 -0.246 -12.8 -22.1 -41.3 36.7156863 -4.4891688 0.00 266.53 0.04 0.000 11:47:03.64
0 0 0.0 0.0 0.000 0.369 -12.8 -22.1 -41.3 36.7156862 -4.4891688 0.00 173.39 0.05 0.000 11:47:03.73
0 0 0.0 0.0 -0.861 -0.615 -12.8 -22.1 -41.3 36.7156862 -4.4891688 0.00 173.39 0.05 0.000 11:47:03.82
0 0 0.0 0.0 -0.861 -0.369 -12.8 -22.1 -41.3 36.7156862 -4.4891688 0.00 183.61 0.02 0.000 11:47:03.93
0 0 0.0 0.0 0.246 0.246 -12.8 -22.1 -41.3 36.7156862 -4.4891688 0.00 183.61 0.02 0.000 11:47:04.03
0 0 0.0 0.0 -0.492 -0.369 -12.8 -22.1 -41.3 36.7156862 -4.4891688 0.00 315.20 0.07 0.000 11:47:04.14
0 0 0.0 0.0 -0.492 -0.246 -12.8 -22.1 -41.3 36.7156862 -4.4891688 0.00 315.20 0.07 0.000 11:47:04.23
0 0 0.0 0.0 -0.492 -0.615 -12.8 -22.1 -41.3 36.7156862 -4.4891688 0.00 315.20 0.07 0.000 11:47:04.34
0 0 0.0 0.0 -0.615 0.369 -12.8 -22.1 -41.2 36.7156863 -4.4891688 0.00 56.53 0.10 0.000 11:47:04.43
0 0 0.0 0.0 -0.738 -0.123 -12.8 -22.1 -41.2 36.7156862 -4.4891688 0.00 212.65 0.14 0.000 11:47:04.53
0 0 0.0 0.0 0.369 0.369 -12.8 -22.1 -41.2 36.7156862 -4.4891688 0.00 212.65 0.14 0.000 11:47:04.64
0 0 0.0 0.0 0.369 -0.738 -12.8 -22.1 -41.3 36.7156862 -4.4891688 0.00 34.58 0.10 0.000 11:47:04.73
0 0 0.0 0.0 -0.246 0.246 -12.8 -22.1 -41.3 36.7156862 -4.4891688 0.00 34.58 0.10 0.000 11:47:04.84
0 0 0.0 0.0 -0.123 0.246 -12.7 -22.1 -41.2 36.7156863 -4.4891688 0.00 259.83 0.07 0.000 11:47:04.93
0 0 0.0 0.0 -0.615 0.000 -12.7 -22.1 -41.2 36.7156863 -4.4891688 0.00 259.83 0.07 0.000 11:47:05.04
0 0 0.0 0.0 -0.492 0.000 -12.8 -22.1 -41.3 36.7156862 -4.4891688 0.00 110.72 0.02 0.000 11:47:05.14
0 0 0.0 0.0 -0.369 -0.615 -12.7 -22.1 -41.3 36.7156862 -4.4891688 0.00 110.72 0.02 0.000 11:47:05.23
0 0 0.0 0.0 -0.123 -0.369 -12.8 -22.1 -41.2 36.7156862 -4.4891688 0.00 110.72 0.02 0.000 11:47:05.34
0 0 0.0 0.0 0.369 -0.369 -12.8 -22.1 -41.3 36.7156863 -4.4891688 0.00 36.14 0.05 0.000 11:47:05.43
0 0 0.0 0.0 -0.492 0.000 -12.8 -22.1 -41.3 36.7156863 -4.4891688 0.00 337.05 0.02 0.000 11:47:05.54
0 0 0.0 0.0 0.000 0.246 -12.7 -22.1 -41.3 36.7156863 -4.4891688 0.00 337.05 0.02 0.000 11:47:05.64
0 0 0.0 0.0 -0.246 -0.246 -12.8 -22.1 -41.3 36.7156863 -4.4891688 0.00 351.95 0.01 0.000 11:47:05.75
0 0 0.0 0.0 -0.246 0.123 -12.8 -22.1 -41.3 36.7156863 -4.4891688 0.00 351.95 0.01 0.000 11:47:05.84
0 0 0.0 0.0 -0.492 -0.492 -12.8 -22.1 -41.3 36.7156863 -4.4891688 0.00 203.45 0.01 0.000 11:47:05.93
0 0 0.0 0.0 -0.984 0.123 -12.8 -22.1 -41.2 36.7156863 -4.4891688 0.00 203.45 0.01 0.000 11:47:06.04
0 0 0.0 0.0 0.000 0.369 -12.8 -22.1 -41.3 36.7156863 -4.4891688 0.00 188.51 0.01 0.000 11:47:06.14
0 0 0.0 0.0 -0.123 -0.123 -12.8 -22.1 -41.3 36.7156863 -4.4891688 0.00 188.51 0.01 0.000 11:47:06.25
0 0 0.0 0.0 -0.123 0.000 -12.8 -22.1 -41.3 36.7156863 -4.4891689 0.00 244.88 0.03 0.000 11:47:06.34
0 0 0.0 0.0 -0.492 -0.492 -12.8 -22.1 -41.3 36.7156863 -4.4891689 0.00 244.88 0.03 0.000 11:47:06.43
0 0 0.0 0.0 -0.861 0.123 -12.8 -22.1 -41.3 36.7156863 -4.4891689 0.00 355.39 0.06 0.000 11:47:06.54
0 0 0.0 0.0 -0.984 -0.246 -12.8 -22.1 -41.3 36.7156863 -4.4891689 0.00 355.39 0.06 0.000 11:47:06.64
0 0 0.0 0.0 0.369 0.123 -12.8 -22.1 -41.3 36.7156864 -4.4891689 0.00 61.64 0.05 0.000 11:47:06.75
0 0 0.0 0.0 -0.123 -0.123 -12.8 -22.1 -41.3 36.7156864 -4.4891689 0.00 61.64 0.05 0.000 11:47:06.84
0 0 0.0 0.0 -0.615 0.000 -12.8 -22.1 -41.3 36.7156864 -4.4891689 0.00 255.37 0.06 0.000 11:47:06.93
0 0 0.0 0.0 0.000 0.000 -12.8 -22.1 -41.3 36.7156864 -4.4891689 0.00 255.37 0.06 0.000 11:47:07.04
0 0 0.0 0.0 -0.123 -0.123 -12.8 -22.1 -41.3 36.7156864 -4.4891689 0.00 98.98 0.07 0.000 11:47:07.14
0 0 0.0 0.0 -0.246 -0.492 -12.8 -22.1 -41.3 36.7156864 -4.4891689 0.00 98.98 0.07 0.000 11:47:07.25
0 0 0.0 0.0 0.246 -0.123 -12.8 -22.1 -41.3 36.7156864 -4.4891689 0.00 284.06 0.05 0.000 11:47:07.34
0 0 0.0 0.0 0.000 -0.246 -12.8 -22.1 -41.3 36.7156864 -4.4891689 0.00 284.06 0.05 0.000 11:47:07.45
0 0 0.0 0.0 0.738 0.000 -12.8 -22.1 -41.3 36.7156864 -4.4891689 0.00 132.69 0.01 0.000 11:47:07.54
0 0 0.0 0.0 -0.123 -0.615 -12.8 -22.1 -41.2 36.7156864 -4.4891689 0.00 132.69 0.01 0.000 11:47:07.64
0 0 0.0 0.0 0.123 0.000 -12.8 -22.1 -41.2 36.7156863 -4.4891689 0.00 192.40 0.06 0.000 11:47:07.75
0 0 0.0 0.0 -0.123 -0.123 -12.8 -22.1 -41.2 36.7156863 -4.4891689 0.00 192.40 0.06 0.000 11:47:07.84
0 0 0.0 0.0 -0.123 -0.246 -12.8 -22.1 -41.2 36.7156864 -4.4891689 0.00 17.75 0.14 0.000 11:47:07.95
0 0 0.0 0.0 -0.369 -0.246 -12.8 -22.1 -41.2 36.7156864 -4.4891689 0.00 17.75 0.14 0.000 11:47:08.04
0 0 0.0 0.0 -0.615 -0.123 -12.8 -22.1 -41.2 36.7156864 -4.4891689 0.00 193.31 0.09 0.000 11:47:08.14
0 0 0.0 0.0 -0.861 -0.615 -12.7 -22.1 -41.2 36.7156864 -4.4891689 0.00 193.31 0.09 0.000 11:47:08.25
0 0 0.0 0.0 -0.369 -0.492 -12.7 -22.1 -41.2 36.7156864 -4.4891689 0.00 4.98 0.05 0.000 11:47:08.34
0 0 0.0 0.0 -0.123 0.246 -12.7 -22.1 -41.2 36.7156864 -4.4891689 0.00 4.98 0.05 0.000 11:47:08.45
0 0 0.0 0.0 0.123 0.246 -12.7 -22.1 -41.2 36.7156864 -4.4891689 0.00 201.05 0.04 0.000 11:47:08.54
0 0 0.0 0.0 -0.492 -0.123 -12.7 -22.1 -41.2 36.7156864 -4.4891689 0.00 201.05 0.04 0.000 11:47:08.64
0 0 0.0 0.0 -0.492 -0.246 -12.7 -22.1 -41.3 36.7156864 -4.4891689 0.00 12.75 0.07 0.000 11:47:08.75
0 0 0.0 0.0 0.738 0.246 -12.7 -22.1 -41.3 36.7156864 -4.4891689 0.00 12.75 0.07 0.000 11:47:08.84
0 0 0.0 0.0 -0.615 -0.123 -12.7 -22.1 -41.3 36.7156864 -4.4891689 0.00 36.16 0.02 0.000 11:47:08.95
0 0 0.0 0.0 -0.123 0.123 -12.7 -22.1 -41.3 36.7156864 -4.4891689 0.00 36.16 0.02 0.000 11:47:09.04
0 0 0.0 0.0 0.000 0.123 -12.7 -22.1 -41.3 36.7156864 -4.4891689 0.00 160.75 0.02 0.000 11:47:09.15
0 0 0.0 0.0 0.000 -0.246 -12.7 -22.1 -41.3 36.7156864 -4.4891689 0.00 160.75 0.02 0.000 11:47:09.25
0 0 0.0 0.0 0.246 -0.369 -12.7 -22.1 -41.3 36.7156864 -4.4891690 0.00 281.76 0.08 0.000 11:47:09.34
0 0 0.0 0.0 0.000 -0.246 -12.7 -22.2 -41.3 36.7156864 -4.4891690 0.00 281.76 0.08 0.000 11:47:09.45
0 0 0.0 0.0 -0.615 -0.369 -12.7 -22.2 -41.3 36.7156864 -4.4891689 0.00 112.92 0.10 0.000 11:47:09.54
0 0 0.0 0.0 0.246 -0.246 -12.7 -22.1 -41.3 36.7156864 -4.4891689 0.00 112.92 0.10 0.000 11:47:09.65
0 0 0.0 0.0 -0.492 -0.615 -12.7 -22.1 -41.3 36.7156864 -4.4891689 0.00 313.60 0.06 0.000 11:47:09.75
0 0 0.0 0.0 0.369 -0.246 -12.7 -22.1 -41.3 36.7156864 -4.4891689 0.00 313.60 0.06 0.000 11:47:09.85
0 0 0.0 0.0 -0.861 0.000 -12.7 -22.1 -41.3 36.7156864 -4.4891689 0.00 24.32 0.02 0.000 11:47:09.95
0 0 0.0 0.0 -0.738 -0.246 -12.7 -22.1 -41.3 36.7156864 -4.4891689 0.00 24.32 0.02 0.000 11:47:10.04
0 0 0.0 0.0 -0.369 -0.246 -12.7 -22.1 -41.3 36.7156864 -4.4891689 0.00 217.02 0.03 0.000 11:47:10.15
0 0 0.0 0.0 0.123 0.000 -12.7 -22.1 -41.3 36.7156864 -4.4891689 0.00 217.02 0.03 0.000 11:47:10.25
0 0 0.0 0.0 0.246 -0.615 -12.7 -22.1 -41.3 36.7156864 -4.4891690 0.00 218.03 0.04 0.000 11:47:10.35
0 0 0.0 0.0 0.123 -0.123 -12.7 -22.1 -41.3 36.7156864 -4.4891690 0.00 218.03 0.04 0.000 11:47:10.45
0 0 0.0 0.0 -0.492 -0.123 -12.7 -22.1 -41.3 36.7156864 -4.4891689 0.00 51.10 0.09 0.000 11:47:10.56
0 0 0.0 0.0 -0.492 -0.369 -12.7 -22.1 -41.3 36.7156864 -4.4891689 0.00 51.10 0.09 0.000 11:47:10.65
0 0 0.0 0.0 -0.369 -0.246 -12.7 -22.1 -41.3 36.7156864 -4.4891689 0.00 326.34 0.05 0.000 11:47:10.75
0 0 0.0 0.0 0.000 0.000 -12.7 -22.1 -41.3 36.7156864 -4.4891689 0.00 326.34 0.05 0.000 11:47:10.85
0 0 0.0 0.0 0.000 0.000 -12.7 -22.1 -41.3 36.7156864 -4.4891689 0.00 179.86 0.09 0.000 11:47:10.95
0 0 0.0 0.0 0.246 -0.123 -12.7 -22.1 -41.2 36.7156864 -4.4891689 0.00 179.86 0.09 0.000 11:47:11.06
0 0 0.0 0.0 0.246 0.123 -12.7 -22.1 -41.2 36.7156864 -4.4891690 0.00 345.93 0.07 0.000 11:47:11.15
0 0 0.0 0.0 -0.369 -0.984 -12.7 -22.1 -41.2 36.7156864 -4.4891690 0.00 345.93 0.07 0.000 11:47:11.26
0 0 0.0 0.0 0.000 -0.615 -12.7 -22.1 -41.3 36.7156864 -4.4891690 0.00 137.64 0.03 0.000 11:47:11.35
0 0 0.0 0.0 -0.369 -0.246 -12.7 -22.1 -41.3 36.7156864 -4.4891690 0.00 137.64 0.03 0.000 11:47:11.45
0 0 0.0 0.0 -0.123 -0.492 -12.7 -22.1 -41.3 36.7156864 -4.4891689 0.00 0.35 0.04 0.000 11:47:11.56
0 0 0.0 0.0 0.246 -0.369 -12.7 -22.1 -41.2 36.7156864 -4.4891689 0.00 0.35 0.04 0.000 11:47:11.65
0 0 0.0 0.0 -0.984 0.246 -12.7 -22.1 -41.2 36.7156864 -4.4891690 0.00 210.54 0.04 0.000 11:47:11.76
0 0 0.0 0.0 -0.123 -0.246 -12.7 -22.1 -41.2 36.7156864 -4.4891689 0.00 47.60 0.06 0.000 11:47:11.85
0 0 0.0 0.0 -0.615 -0.123 -12.7 -22.1 -41.2 36.7156864 -4.4891689 0.00 47.60 0.06 0.000 11:47:11.96
0 0 0.0 0.0 -0.738 -0.984 -12.7 -22.1 -41.3 36.7156864 -4.4891690 0.00 231.86 0.06 0.000 11:47:12.06
0 0 0.0 0.0 -0.369 -0.615 -12.6 -22.1 -41.3 36.7156864 -4.4891690 0.00 231.86 0.06 0.000 11:47:12.15
0 0 0.0 0.0 0.123 -0.246 -12.6 -22.1 -41.3 36.7156864 -4.4891690 0.00 231.86 0.06 0.000 11:47:12.26
0 0 0.0 0.0 -0.615 -0.738 -12.6 -22.1 -41.3 36.7156864 -4.4891690 0.00 21.20 0.11 0.000 11:47:12.35
0 0 0.0 0.0 0.000 -0.246 -12.7 -22.1 -41.3 36.7156864 -4.4891689 0.00 181.33 0.02 0.000 11:47:12.46
0 0 0.0 0.0 -0.861 0.123 -12.7 -22.1 -41.3 36.7156864 -4.4891689 0.00 181.33 0.02 0.000 11:47:12.56
0 0 0.0 0.0 -0.246 0.123 -12.7 -22.1 -41.3 36.7156864 -4.4891690 0.00 305.38 0.02 0.000 11:47:12.65
0 0 0.0 0.0 -0.615 -0.369 -12.7 -22.1 -41.3 36.7156864 -4.4891690 0.00 305.38 0.02 0.000 11:47:12.76
0 0 0.0 0.0 0.738 -0.369 -12.7 -22.1 -41.3 36.7156864 -4.4891690 0.00 205.84 0.03 0.000 11:47:12.85
0 0 0.0 0.0 0.246 -0.123 -12.7 -22.1 -41.3 36.7156864 -4.4891690 0.00 205.84 0.03 0.000 11:47:12.96
0 0 0.0 0.0 0.000 0.369 -12.7 -22.1 -41.3 36.7156864 -4.4891689 0.00 39.94 0.06 0.000 11:47:13.06
0 0 0.0 0.0 -0.615 0.123 -12.7 -22.1 -41.3 36.7156864 -4.4891689 0.00 39.94 0.06 0.000 11:47:13.17
0 0 0.0 0.0 -0.738 0.492 -12.6 -22.1 -41.3 36.7156864 -4.4891689 0.00 39.94 0.06 0.000 11:47:13.26
0 0 0.0 0.0 -0.369 -0.615 -12.6 -22.1 -41.3 36.7156864 -4.4891690 0.00 330.37 0.04 0.000 11:47:13.37
0 0 0.0 0.0 -0.369 0.000 -12.6 -22.1 -41.3 36.7156864 -4.4891689 0.00 167.92 0.10 0.000 11:47:13.46
0 0 0.0 0.0 -0.123 -0.246 -12.6 -22.1 -41.3 36.7156864 -4.4891689 0.00 167.92 0.10 0.000 11:47:13.56
0 0 0.0 0.0 -0.738 0.000 -12.6 -22.1 -41.3 36.7156864 -4.4891690 0.00 313.49 0.03 0.000 11:47:13.67
0 0 0.0 0.0 -0.246 0.246 -12.6 -22.1 -41.3 36.7156864 -4.4891690 0.00 313.49 0.03 0.000 11:47:13.76
0 0 0.0 0.0 -0.123 0.000 -12.6 -22.1 -41.3 36.7156864 -4.4891689 0.00 9.85 0.08 0.000 11:47:13.87
0 0 0.0 0.0 -0.492 -0.123 -12.6 -22.1 -41.3 36.7156864 -4.4891689 0.00 9.85 0.08 0.000 11:47:13.96
0 0 0.0 0.0 -0.738 -0.369 -12.6 -22.1 -41.3 36.7156864 -4.4891689 0.00 191.68 0.06 0.000 11:47:14.06
0 0 0.0 0.0 -0.246 0.123 -12.7 -22.1 -41.3 36.7156864 -4.4891689 0.00 191.68 0.06 0.000 11:47:14.17
0 0 0.0 0.0 -0.492 -0.123 -12.7 -22.1 -41.3 36.7156864 -4.4891689 0.00 191.68 0.06 0.000 11:47:14.26
0 0 0.0 0.0 -0.615 0.000 -12.7 -22.1 -41.3 36.7156864 -4.4891689 0.00 24.50 0.01 0.000 11:47:14.37
0 0 0.0 0.0 -0.123 -0.738 -12.7 -22.1 -41.3 36.7156864 -4.4891689 0.00 24.33 0.02 0.000 11:47:14.46
0 0 0.0 0.0 0.492 -0.123 -12.7 -22.1 -41.3 36.7156864 -4.4891689 0.00 24.33 0.02 0.000 11:47:14.57
0 0 0.0 0.0 -0.246 -0.246 -12.6 -22.1 -41.3 36.7156864 -4.4891689 0.00 183.19 0.05 0.000 11:47:14.67
0 0 0.0 0.0 -0.123 -0.246 -12.6 -22.1 -41.3 36.7156864 -4.4891689 0.00 183.19 0.05 0.000 11:47:14.76
0 0 0.0 0.0 -0.615 0.000 -12.6 -22.1 -41.3 36.7156864 -4.4891689 0.00 346.81 0.02 0.000 11:47:14.87
0 0 0.0 0.0 0.000 0.000 -12.6 -22.1 -41.3 36.7156864 -4.4891689 0.00 346.81 0.02 0.000 11:47:14.96
0 0 0.0 0.0 -0.246 0.246 -12.6 -22.1 -41.3 36.7156865 -4.4891689 0.00 14.18 0.11 0.000 11:47:15.07
0 0 0.0 0.0 -0.246 -0.123 -12.7 -22.1 -41.3 36.7156865 -4.4891689 0.00 14.18 0.11 0.000 11:47:15.17
0 0 0.0 0.0 -0.369 0.000 -12.7 -22.1 -41.3 36.7156865 -4.4891689 0.00 14.18 0.11 0.000 11:47:15.28
0 0 0.0 0.0 -0.246 -0.123 -12.7 -22.1 -41.3 36.7156864 -4.4891689 0.00 205.71 0.14 0.000 11:47:15.37
0 0 0.0 0.0 -0.246 -0.369 -12.7 -22.1 -41.3 36.7156864 -4.4891689 0.00 35.32 0.11 0.000 11:47:15.46
0 0 0.0 0.0 -0.123 0.000 -12.7 -22.1 -41.3 36.7156864 -4.4891689 0.00 35.32 0.11 0.000 11:47:15.57
0 0 0.0 0.0 -0.123 0.123 -12.7 -22.1 -41.3 36.7156864 -4.4891689 0.00 205.54 0.05 0.000 11:47:15.67
0 0 0.0 0.0 0.000 0.123 -12.7 -22.1 -41.3 36.7156864 -4.4891689 0.00 205.54 0.05 0.000 11:47:15.78
0 0 0.0 0.0 -0.246 -0.369 -12.7 -22.1 -41.3 36.7156864 -4.4891689 0.00 324.74 0.06 0.000 11:47:15.87
0 0 0.0 0.0 -0.246 0.369 -12.7 -22.1 -41.3 36.7156864 -4.4891689 0.00 324.74 0.06 0.000 11:47:15.98
0 0 0.0 0.0 -0.492 -0.246 -12.7 -22.1 -41.2 36.7156865 -4.4891689 0.00 29.66 0.04 0.000 11:47:16.07
0 0 0.0 0.0 -0.246 -0.123 -12.7 -22.1 -41.3 36.7156865 -4.4891689 0.00 29.66 0.04 0.000 11:47:16.18
0 0 0.0 0.0 -0.123 -0.246 -12.7 -22.1 -41.2 36.7156865 -4.4891689 0.00 29.66 0.04 0.000 11:47:16.28
0 0 0.0 0.0 -0.369 0.123 -12.7 -22.1 -41.3 36.7156865 -4.4891689 0.00 101.32 0.06 0.000 11:47:16.37
0 0 0.0 0.0 -0.492 -0.369 -12.7 -22.1 -41.2 36.7156865 -4.4891689 0.00 298.81 0.08 0.000 11:47:16.48
0 0 0.0 0.0 -0.246 -0.369 -12.7 -22.1 -41.2 36.7156865 -4.4891689 0.00 298.81 0.08 0.000 11:47:16.57
0 0 0.0 0.0 -0.246 0.000 -12.7 -22.1 -41.2 36.7156865 -4.4891689 0.00 107.21 0.04 0.000 11:47:16.68
0 0 0.0 0.0 -0.123 0.000 -12.7 -22.1 -41.2 36.7156865 -4.4891689 0.00 107.21 0.04 0.000 11:47:16.78
0 0 0.0 0.0 0.000 0.000 -12.7 -22.1 -41.2 36.7156865 -4.4891689 0.00 16.74 0.02 0.000 11:47:16.87
0 0 0.0 0.0 0.246 0.123 -12.8 -22.1 -41.2 36.7156865 -4.4891689 0.00 16.74 0.02 0.000 11:47:16.98
0 0 0.0 0.0 -0.492 0.123 -12.8 -22.1 -41.2 36.7156865 -4.4891689 0.00 194.45 0.07 0.000 11:47:17.07
0 0 0.0 0.0 0.123 -0.123 -12.8 -22.1 -41.2 36.7156865 -4.4891689 0.00 194.45 0.07 0.000 11:47:17.18
0 0 0.0 0.0 -0.123 0.615 -12.8 -22.1 -41.2 36.7156865 -4.4891689 0.00 194.45 0.07 0.000 11:47:17.28
0 0 0.0 0.0 0.123 -0.123 -12.8 -22.1 -41.2 36.7156865 -4.4891688 0.00 31.64 0.06 0.000 11:47:17.39
0 0 0.0 0.0 -0.492 0.000 -12.8 -22.1 -41.2 36.7156865 -4.4891688 0.00 358.34 0.08 0.000 11:47:17.48
0 0 0.0 0.0 0.000 -0.123 -12.8 -22.1 -41.2 36.7156865 -4.4891688 0.00 358.34 0.08 0.000 11:47:17.57
0 0 0.0 0.0 0.123 -0.123 -12.8 -22.1 -41.2 36.7156865 -4.4891688 0.00 172.84 0.07 0.000 11:47:17.68
0 0 0.0 0.0 -0.861 0.123 -12.8 -22.1 -41.2 36.7156865 -4.4891688 0.00 172.84 0.07 0.000 11:47:17.78
0 0 0.0 0.0 0.246 0.000 -12.8 -22.1 -41.2 36.7156866 -4.4891688 0.00 355.83 0.10 0.000 11:47:17.89
0 0 0.0 0.0 0.123 0.000 -12.8 -22.1 -41.2 36.7156866 -4.4891688 0.00 355.83 0.10 0.000 11:47:17.98
0 0 0.0 0.0 -0.738 0.369 -12.8 -22.1 -41.2 36.7156866 -4.4891689 0.00 227.20 0.04 0.000 11:47:18.09
0 0 0.0 0.0 -0.123 -0.492 -12.8 -22.1 -41.2 36.7156866 -4.4891689 0.00 227.20 0.04 0.000 11:47:18.18
0 0 0.0 0.0 -0.615 0.000 -12.8 -22.1 -41.2 36.7156866 -4.4891689 0.00 227.20 0.04 0.000 11:47:18.28
0 0 0.0 0.0 0.123 -0.369 -12.8 -22.1 -41.2 36.7156866 -4.4891688 0.00 120.08 0.06 0.000 11:47:18.39
0 0 0.0 0.0 -0.492 0.000 -12.8 -22.1 -41.1 36.7156866 -4.4891689 0.00 255.40 0.06 0.000 11:47:18.48
0 0 0.0 0.0 -0.492 -0.861 -12.8 -22.1 -41.2 36.7156866 -4.4891689 0.00 255.40 0.06 0.000 11:47:18.59
0 0 0.0 0.0 -0.738 -0.246 -12.8 -22.1 -41.2 36.7156866 -4.4891688 0.00 22.27 0.08 0.000 11:47:18.68
0 0 0.0 0.0 -0.246 0.000 -12.8 -22.1 -41.2 36.7156866 -4.4891688 0.00 22.27 0.08 0.000 11:47:18.78
0 0 0.0 0.0 -0.369 0.123 -12.8 -22.1 -41.2 36.7156866 -4.4891688 0.00 148.44 0.03 0.000 11:47:18.89
0 0 0.0 0.0 -0.615 -0.123 -12.8 -22.1 -41.2 36.7156866 -4.4891688 0.00 148.44 0.03 0.000 11:47:18.98
0 0 0.0 0.0 0.246 -0.492 -12.8 -22.1 -41.2 36.7156866 -4.4891688 0.00 16.43 0.04 0.000 11:47:19.09
0 0 0.0 0.0 -0.615 -0.369 -12.8 -22.1 -41.2 36.7156866 -4.4891688 0.00 16.43 0.04 0.000 11:47:19.18
0 0 0.0 0.0 0.123 0.123 -12.8 -22.1 -41.2 36.7156866 -4.4891688 0.00 16.43 0.04 0.000 11:47:19.29
0 0 0.0 0.0 -0.123 -0.123 -12.8 -22.1 -41.1 36.7156866 -4.4891688 0.00 218.38 0.06 0.000 11:47:19.39
0 0 0.0 0.0 -0.123 -0.492 -12.8 -22.1 -41.2 36.7156866 -4.4891688 0.00 344.21 0.09 0.000 11:47:19.50
0 0 0.0 0.0 -0.492 -0.246 -12.8 -22.1 -41.2 36.7156866 -4.4891688 0.00 344.21 0.09 0.000 11:47:19.59
0 0 0.0 0.0 -0.615 0.000 -12.8 -22.1 -41.2 36.7156866 -4.4891688 0.00 117.92 0.09 0.000 11:47:19.68
0 0 0.0 0.0 -0.861 0.246 -12.8 -22.1 -41.2 36.7156866 -4.4891688 0.00 117.92 0.09 0.000 11:47:19.79
0 0 0.0 0.0 -0.369 0.246 -12.8 -22.1 -41.1 36.7156867 -4.4891688 0.00 358.91 0.08 0.000 11:47:19.89
0 0 0.0 0.0 -0.369 -0.738 -12.8 -22.1 -41.1 36.7156867 -4.4891688 0.00 358.91 0.08 0.000 11:47:20.00
0 0 0.0 0.0 -0.369 -0.738 -12.8 -22.1 -41.1 36.7156866 -4.4891688 0.00 205.80 0.05 0.000 11:47:20.09
0 0 0.0 0.0 0.000 -0.615 -12.8 -22.1 -41.2 36.7156866 -4.4891688 0.00 205.80 0.05 0.000 11:47:20.18
0 0 0.0 0.0 -0.246 -0.492 -12.8 -22.1 -41.1 36.7156866 -4.4891688 0.00 205.80 0.05 0.000 11:47:20.29
0 0 0.0 0.0 0.369 -0.123 -12.8 -22.1 -41.1 36.7156866 -4.4891688 0.00 79.50 0.02 0.000 11:47:20.39
0 0 0.0 0.0 -0.492 0.246 -12.8 -22.1 -41.1 36.7156866 -4.4891688 0.00 229.53 0.00 0.000 11:47:20.50
0 0 0.0 0.0 0.369 -0.246 -12.8 -22.1 -41.1 36.7156866 -4.4891688 0.00 229.53 0.00 0.000 11:47:20.59
0 0 0.0 0.0 0.369 -0.246 -12.8 -22.1 -41.1 36.7156867 -4.4891688 0.00 5.89 0.07 0.000 11:47:20.68
0 0 0.0 0.0 -0.123 -0.615 -12.7 -22.1 -41.1 36.7156867 -4.4891688 0.00 5.89 0.07 0.000 11:47:20.79
0 0 0.0 0.0 -0.123 -0.615 -12.8 -22.1 -41.1 36.7156867 -4.4891688 0.00 300.93 0.03 0.000 11:47:20.89
0 0 0.0 0.0 -0.369 -0.246 -12.8 -22.1 -41.1 36.7156867 -4.4891688 0.00 300.93 0.03 0.000 11:47:21.00
0 0 0.0 0.0 -0.369 -0.246 -12.7 -22.1 -41.1 36.7156867 -4.4891688 0.00 161.06 0.08 0.000 11:47:21.09
0 0 0.0 0.0 -0.369 -0.492 -12.7 -22.1 -41.1 36.7156867 -4.4891688 0.00 161.06 0.08 0.000 11:47:21.20
0 0 0.0 0.0 0.000 -0.246 -12.7 -22.1 -41.2 36.7156867 -4.4891688 0.00 161.06 0.08 0.000 11:47:21.29
0 0 0.0 0.0 -0.615 0.000 -12.7 -22.1 -41.2 36.7156867 -4.4891688 0.00 342.03 0.01 0.000 11:47:21.39
0 0 0.0 0.0 -0.246 -0.246 -12.7 -22.1 -41.2 36.7156867 -4.4891688 0.00 351.76 0.07 0.000 11:47:21.50
0 0 0.0 0.0 -0.246 -0.246 -12.8 -22.1 -41.2 36.7156867 -4.4891688 0.00 351.76 0.07 0.000 11:47:21.59
0 0 0.0 0.0 -0.615 0.000 -12.8 -22.1 -41.2 36.7156867 -4.4891688 0.00 216.45 0.03 0.000 11:47:21.70
0 0 0.0 0.0 0.000 0.123 -12.7 -22.1 -41.2 36.7156867 -4.4891688 0.00 216.45 0.03 0.000 11:47:21.79
0 0 0.0 0.0 -0.123 -0.246 -12.7 -22.1 -41.1 36.7156867 -4.4891688 0.00 66.15 0.04 0.000 11:47:21.89
0 0 0.0 0.0 -0.369 -0.369 -12.7 -22.1 -41.1 36.7156867 -4.4891688 0.00 66.15 0.04 0.000 11:47:22.00
0 0 0.0 0.0 -0.123 0.123 -12.7 -22.1 -41.1 36.7156867 -4.4891688 0.00 223.75 0.04 0.000 11:47:22.09
0 0 0.0 0.0 -0.123 -0.369 -12.8 -22.1 -41.1 36.7156867 -4.4891688 0.00 223.75 0.04 0.000 11:47:22.20
0 0 0.0 0.0 -0.123 0.123 -12.8 -22.1 -41.1 36.7156867 -4.4891688 0.00 223.75 0.04 0.000 11:47:22.29
0 0 0.0 0.0 -0.492 -0.369 -12.8 -22.1 -41.1 36.7156867 -4.4891688 0.00 337.89 0.05 0.000 11:47:22.39
0 0 0.0 0.0 -0.123 0.246 -12.8 -22.1 -41.1 36.7156867 -4.4891688 0.00 99.30 0.04 0.000 11:47:22.50
0 0 0.0 0.0 0.000 -0.246 -12.8 -22.1 -41.1 36.7156867 -4.4891688 0.00 99.30 0.04 0.000 11:47:22.59
0 0 0.0 0.0 0.246 -0.492 -12.7 -22.1 -41.1 36.7156867 -4.4891687 0.00 44.56 0.03 0.000 11:47:22.70
0 0 0.0 0.0 -0.615 -0.246 -12.8 -22.1 -41.1 36.7156867 -4.4891687 0.00 44.56 0.03 0.000 11:47:22.79
0 0 0.0 0.0 -0.492 0.246 -12.8 -22.1 -41.1 36.7156867 -4.4891688 0.00 228.38 0.03 0.000 11:47:22.89
0 0 0.0 0.0 -0.123 -0.369 -12.8 -22.1 -41.1 36.7156867 -4.4891688 0.00 228.38 0.03 0.000 11:47:23.00
0 0 0.0 0.0 -0.246 -0.246 -12.7 -22.1 -41.1 36.7156867 -4.4891688 0.00 338.07 0.07 0.000 11:47:23.09
0 0 0.0 0.0 -0.123 0.000 -12.8 -22.1 -41.1 36.7156867 -4.4891688 0.00 338.07 0.07 0.000 11:47:23.20
0 0 0.0 0.0 -0.246 -0.246 -12.8 -22.1 -41.1 36.7156867 -4.4891688 0.00 338.07 0.07 0.000 11:47:23.29
0 0 0.0 0.0 0.000 -0.615 -12.8 -22.1 -41.1 36.7156868 -4.4891687 0.00 88.91 0.05 0.000 11:47:23.40
0 0 0.0 0.0 -0.369 0.123 -12.8 -22.1 -41.1 36.7156867 -4.4891688 0.00 215.26 0.09 0.000 11:47:23.50
0 0 0.0 0.0 -0.615 0.000 -12.8 -22.1 -41.1 36.7156867 -4.4891688 0.00 215.26 0.09 0.000 11:47:23.59
0 0 0.0 0.0 0.123 -0.246 -12.8 -22.1 -41.1 36.7156867 -4.4891688 0.00 22.73 0.06 0.000 11:47:23.70
0 0 0.0 0.0 -0.123 -0.492 -12.8 -22.1 -41.1 36.7156867 -4.4891688 0.00 22.73 0.06 0.000 11:47:23.79
0 0 0.0 0.0 -0.738 -0.492 -12.8 -22.1 -41.1 36.7156868 -4.4891687 0.00 29.29 0.03 0.000 11:47:23.90
0 0 0.0 0.0 -0.369 0.246 -12.8 -22.1 -41.1 36.7156868 -4.4891687 0.00 29.29 0.03 0.000 11:47:24.00
0 0 0.0 0.0 0.123 -0.492 -12.8 -22.1 -41.1 36.7156867 -4.4891687 0.00 182.77 0.07 0.000 11:47:24.10
0 0 0.0 0.0 -0.123 -0.246 -12.8 -22.1 -41.1 36.7156867 -4.4891687 0.00 182.77 0.07 0.000 11:47:24.20
0 0 0.0 0.0 -0.123 0.123 -12.8 -22.1 -41.1 36.7156867 -4.4891687 0.00 182.77 0.07 0.000 11:47:24.31
